"rowGrp","colGrp","rowLevels","colLevels","totEVT","totEVT_se"
"Condition","ind","Acute Bronchitis and URI","Total",95969913.414028,4199300.99754599
"Condition","ind","Allergic reactions","Total",18597482.093624,3406984.18442295
"Condition","ind","Anemia and other deficiencies","Total",6623441.870358,896306.881814666
"Condition","ind","Appendicitis","Total",534576.717162,160565.196262269
"Condition","ind","Back problems","Total",98986802.104086,6843236.23871554
"Condition","ind","Cancer","Total",68760130.327293,6341321.76594917
"Condition","ind","Cataract","Total",14762662.261899,1621908.15624479
"Condition","ind","Cerebrovascular disease","Total",13216406.474973,1974407.28638558
"Condition","ind","CNS infection","Total",995629.727914,332416.939219104
"Condition","ind","Coma, brain damage","Total",152446.21364,152446.21364
"Condition","ind","Complications of pregnancy and birth","Total",3058860.068543,643614.672477285
"Condition","ind","Complications of surgery or device","Total",2299458.195543,336210.350895952
"Condition","ind","Congenital anomalies","Total",9875753.445481,2795560.1827303
"Condition","ind","COPD, asthma","Total",192724290.185628,8814302.77709073
"Condition","ind","Diabetes mellitus","Total",97295919.957219,6999362.12751473
"Condition","ind","Disorders of mouth and esophagus","Total",2439348.113022,474876.106343142
"Condition","ind","Disorders of teeth and jaws","Total",11223649.70087,717127.937133248
"Condition","ind","Disorders of the upper GI","Total",32263126.422741,1615286.29732733
"Condition","ind","Epilepsy and convulsions","Total",12361142.455177,1536056.98918534
"Condition","ind","Female genital disorders, and contraception","Total",42589143.840111,2266040.7894486
"Condition","ind","Gallbladder, pancreatic, and liver disease","Total",10087868.200074,1220235.84761659
"Condition","ind","Glaucoma","Total",14400705.455603,1391405.4655017
"Condition","ind","Headache","Total",23146237.533179,2089672.42663937
"Condition","ind","Heart disease","Total",119423168.713114,7484135.17251984
"Condition","ind","Hemorrhagic, coagulation, and disorders of White Blood cells","Total",4272982.97403,829451.768239577
"Condition","ind","Hereditary, degenerative and other nervous system disorders","Total",8472784.363857,1204981.53598926
"Condition","ind","Hernias","Total",10199365.087791,928653.011853263
"Condition","ind","Hyperlipidemia","Total",39952840.586174,2107785.09320825
"Condition","ind","Hypertension","Total",152912800.303982,6689731.08856783
"Condition","ind","Infectious diseases","Total",45724461.607411,2802034.20066531
"Condition","ind","Influenza","Total",13314736.734549,1012446.41070523
"Condition","ind","Intestinal infection","Total",19185488.667177,1051396.59406054
"Condition","ind","Kidney Disease","Total",22372499.187844,3660196.35059259
"Condition","ind","Male genital disorders","Total",8902705.448054,967592.538277471
"Condition","ind","Mental disorders","Total",178464448.203534,14504924.2223206
"Condition","ind","Non-malignant breast disease","Total",6670029.146978,683189.374126308
"Condition","ind","Non-malignant neoplasm","Total",8104229.766893,713058.570345727
"Condition","ind","Normal birth/live born","Total",48335838.433869,4172251.98297448
"Condition","ind","Osteoarthritis and other non-traumatic joint disorders","Total",93620696.587755,5478028.19882713
"Condition","ind","Other bone and musculoskeletal disease","Total",21296596.27084,3087098.52398144
"Condition","ind","Other care and screening","Total",72461788.357744,4784386.36914313
"Condition","ind","Other circulatory conditions arteries, veins, and lymphatics","Total",22786428.959419,2053932.04525479
"Condition","ind","Other CNS disorders","Total",53371139.984279,3653252.95178316
"Condition","ind","Other endocrine, nutritional & immune disorder","Total",37743383.924642,2811889.344918
"Condition","ind","Other eye disorders","Total",32886411.541886,1989202.20909363
"Condition","ind","Other GI","Total",21321246.850513,1487910.47133755
"Condition","ind","Other stomach and intestinal disorders","Total",7334098.581459,1116089.55957458
"Condition","ind","Other urinary","Total",10248650.107396,1010026.78147906
"Condition","ind","Otitis media","Total",45092896.018726,3765067.09072501
"Condition","ind","Paralysis","Total",1913771.367643,478504.690870792
"Condition","ind","Perinatal Conditions","Total",375440.810804,163972.12386608
"Condition","ind","Pneumonia","Total",14481388.249245,1091168.62412394
"Condition","ind","Poisoning by medical and non-medical substances","Total",3783678.024302,650680.316951151
"Condition","ind","Residual Codes","Total",50484100.738886,3330225.57781144
"Condition","ind","Skin disorders","Total",67243532.548912,3368539.84669143
"Condition","ind","Symptoms","Total",14471904.663417,1223611.53655602
"Condition","ind","Systemic lupus and connective tissues disorders","Total",59087054.335343,5220436.07235501
"Condition","ind","Thyroid disease","Total",37751110.999862,2168667.97091947
"Condition","ind","Tonsillitis","Total",3960806.065003,685702.273405974
"Condition","ind","Trauma-related disorders","Total",170239809.92569,9325899.13702648
"Condition","ind","Urinary tract infections","Total",18052731.767619,1220052.38781941
"Condition","event","Acute Bronchitis and URI","ERT",1455271.27142,165079.891582513
"Condition","event","Allergic reactions","ERT",629238.58709,133819.346136281
"Condition","event","Anemia and other deficiencies","ERT",35012.380285,17825.9571311175
"Condition","event","Appendicitis","ERT",65419.068851,26280.466168461
"Condition","event","Back problems","ERT",917239.814427,167947.358440261
"Condition","event","Cancer","ERT",362768.330008,97831.9327024066
"Condition","event","Cataract","ERT",29106.484627,25382.932413178
"Condition","event","Cerebrovascular disease","ERT",450699.344297,184633.206351906
"Condition","event","CNS infection","ERT",78636.951647,50939.5166737304
"Condition","event","Complications of pregnancy and birth","ERT",161497.778754,52269.2036529741
"Condition","event","Complications of surgery or device","ERT",139126.037368,46431.0902486645
"Condition","event","Congenital anomalies","ERT",80442.327078,35750.3271955366
"Condition","event","COPD, asthma","ERT",4008986.626443,394738.730203283
"Condition","event","Diabetes mellitus","ERT",572483.76326,115725.168608715
"Condition","event","Disorders of mouth and esophagus","ERT",33915.623321,17155.1396231787
"Condition","event","Disorders of teeth and jaws","ERT",144239.997439,47317.5935165429
"Condition","event","Disorders of the upper GI","ERT",933912.750674,166085.377088506
"Condition","event","Epilepsy and convulsions","ERT",337896.826123,91673.9931496576
"Condition","event","Female genital disorders, and contraception","ERT",205016.9064,46865.8601138326
"Condition","event","Gallbladder, pancreatic, and liver disease","ERT",648194.69354,139259.288079605
"Condition","event","Glaucoma","ERT",20955.300421,20955.300421
"Condition","event","Headache","ERT",741556.945022,130807.357577321
"Condition","event","Heart disease","ERT",2534011.488425,236021.849756873
"Condition","event","Hemorrhagic, coagulation, and disorders of White Blood cells","ERT",46083.71939,27990.3304405468
"Condition","event","Hernias","ERT",171687.223654,50166.37013308
"Condition","event","Hyperlipidemia","ERT",28261.334462,22023.2377231383
"Condition","event","Hypertension","ERT",628598.065431,133561.991144453
"Condition","event","Infectious diseases","ERT",1141124.145338,192655.907177705
"Condition","event","Influenza","ERT",399125.733832,81308.3069021305
"Condition","event","Intestinal infection","ERT",981174.165667,147127.214897949
"Condition","event","Kidney Disease","ERT",775104.433797,132764.423295172
"Condition","event","Male genital disorders","ERT",172494.463427,94460.5819374827
"Condition","event","Mental disorders","ERT",649706.945073,110353.218789921
"Condition","event","Non-malignant breast disease","ERT",69946.38346,40041.5529977876
"Condition","event","Non-malignant neoplasm","ERT",17747.615316,12555.2678503123
"Condition","event","Normal birth/live born","ERT",475405.660579,100569.329406239
"Condition","event","Osteoarthritis and other non-traumatic joint disorders","ERT",435198.169936,87790.6353189862
"Condition","event","Other bone and musculoskeletal disease","ERT",39820.96131,24587.9582359288
"Condition","event","Other care and screening","ERT",225710.499663,63736.6096617682
"Condition","event","Other circulatory conditions arteries, veins, and lymphatics","ERT",371351.223074,82965.7380539284
"Condition","event","Other CNS disorders","ERT",960209.98297,149849.026839789
"Condition","event","Other endocrine, nutritional & immune disorder","ERT",417543.218316,84385.3781685935
"Condition","event","Other eye disorders","ERT",367674.716823,88879.0035809271
"Condition","event","Other GI","ERT",596700.771387,116991.225347399
"Condition","event","Other stomach and intestinal disorders","ERT",167280.21486,51258.4538438365
"Condition","event","Other urinary","ERT",111462.373808,40196.6316774085
"Condition","event","Otitis media","ERT",937137.250233,129814.038784949
"Condition","event","Paralysis","ERT",6044.031066,6044.031066
"Condition","event","Pneumonia","ERT",1020238.696377,149198.129953243
"Condition","event","Poisoning by medical and non-medical substances","ERT",597250.932511,90467.2421457187
"Condition","event","Residual Codes","ERT",290363.351968,81771.850562465
"Condition","event","Skin disorders","ERT",575421.913651,103394.03461612
"Condition","event","Symptoms","ERT",1153556.066294,149418.331903262
"Condition","event","Systemic lupus and connective tissues disorders","ERT",689383.383555,130671.635886121
"Condition","event","Thyroid disease","ERT",33837.051729,20928.1977614388
"Condition","event","Tonsillitis","ERT",147443.718101,78364.8125200953
"Condition","event","Trauma-related disorders","ERT",13141712.261105,705983.934161151
"Condition","event","Urinary tract infections","ERT",799071.605301,125403.70049842
"Condition","event","Acute Bronchitis and URI","HHT",68498.808923,47160.1727104634
"Condition","event","Allergic reactions","HHT",9603.60696,9603.60696
"Condition","event","Anemia and other deficiencies","HHT",30362.50652,25597.3816990602
"Condition","event","Back problems","HHT",1132408.691574,500812.116061225
"Condition","event","Cancer","HHT",1604170.955414,274119.766192809
"Condition","event","Cataract","HHT",527486.654953,358469.818403616
"Condition","event","Cerebrovascular disease","HHT",1549780.115686,366780.007428117
"Condition","event","CNS infection","HHT",81247.316368,57572.3502709885
"Condition","event","Complications of pregnancy and birth","HHT",20531.706877,20531.706877
"Condition","event","Complications of surgery or device","HHT",91848.296712,43996.0888387425
"Condition","event","Congenital anomalies","HHT",916177.667285,449304.669414485
"Condition","event","COPD, asthma","HHT",2344877.375883,571916.618544572
"Condition","event","Diabetes mellitus","HHT",2610549.459004,696681.480844849
"Condition","event","Disorders of mouth and esophagus","HHT",25489.562826,25489.562826
"Condition","event","Disorders of the upper GI","HHT",34847.493822,20748.0706260358
"Condition","event","Epilepsy and convulsions","HHT",1195638.812151,587763.933528241
"Condition","event","Female genital disorders, and contraception","HHT",78895.257249,61396.2976684199
"Condition","event","Gallbladder, pancreatic, and liver disease","HHT",265343.396533,104068.382929541
"Condition","event","Glaucoma","HHT",106036.571515,59709.2022384153
"Condition","event","Headache","HHT",197446.13937,132139.60130122
"Condition","event","Heart disease","HHT",4667920.737599,1139195.51676376
"Condition","event","Hemorrhagic, coagulation, and disorders of White Blood cells","HHT",175132.662395,141730.659686519
"Condition","event","Hereditary, degenerative and other nervous system disorders","HHT",741110.379751,309874.259021708
"Condition","event","Hernias","HHT",251587.699259,92442.1042853509
"Condition","event","Hyperlipidemia","HHT",149034.856415,104168.122918543
"Condition","event","Hypertension","HHT",2382044.35888,898708.264953335
"Condition","event","Infectious diseases","HHT",479711.00319,179329.006505755
"Condition","event","Influenza","HHT",40242.098024,40242.098024
"Condition","event","Intestinal infection","HHT",10650.32507,10650.32507
"Condition","event","Kidney Disease","HHT",308638.597597,149980.535179786
"Condition","event","Male genital disorders","HHT",33413.840776,26420.8617460647
"Condition","event","Mental disorders","HHT",7417222.861478,1309719.91029246
"Condition","event","Normal birth/live born","HHT",59235.884553,36633.9034052783
"Condition","event","Osteoarthritis and other non-traumatic joint disorders","HHT",5189809.86419,1034861.67538671
"Condition","event","Other bone and musculoskeletal disease","HHT",308936.720377,149588.218862243
"Condition","event","Other care and screening","HHT",823566.781063,268504.192380765
"Condition","event","Other circulatory conditions arteries, veins, and lymphatics","HHT",718848.247473,269596.14536625
"Condition","event","Other CNS disorders","HHT",1618471.258699,767885.681125116
"Condition","event","Other endocrine, nutritional & immune disorder","HHT",636982.160038,237661.753659586
"Condition","event","Other eye disorders","HHT",1067077.058048,445290.481786228
"Condition","event","Other GI","HHT",816417.227306,380930.180821094
"Condition","event","Other stomach and intestinal disorders","HHT",43753.153184,31168.9460741379
"Condition","event","Other urinary","HHT",428881.804586,175187.8233237
"Condition","event","Otitis media","HHT",12033.658052,8995.32663606165
"Condition","event","Paralysis","HHT",940344.549315,332021.723931938
"Condition","event","Perinatal Conditions","HHT",14779.775933,13580.3942336835
"Condition","event","Pneumonia","HHT",410437.88486,221003.747587687
"Condition","event","Residual Codes","HHT",974016.653034,282473.151053601
"Condition","event","Skin disorders","HHT",627931.433763,190963.741912139
"Condition","event","Symptoms","HHT",156404.043176,100598.380520609
"Condition","event","Systemic lupus and connective tissues disorders","HHT",1064009.219101,290948.115132325
"Condition","event","Thyroid disease","HHT",189304.215596,88352.2743332901
"Condition","event","Trauma-related disorders","HHT",2713031.789717,613326.328118158
"Condition","event","Urinary tract infections","HHT",264521.797879,115088.076167391
"Condition","event","Acute Bronchitis and URI","IPT",178058.370632,60055.8751488683
"Condition","event","Allergic reactions","IPT",17462.419875,17462.419875
"Condition","event","Anemia and other deficiencies","IPT",111121.825627,40831.0350444929
"Condition","event","Appendicitis","IPT",153740.748783,51545.7997582539
"Condition","event","Back problems","IPT",608675.17308,109923.45101599
"Condition","event","Cancer","IPT",1567025.682803,232069.416023697
"Condition","event","Cataract","IPT",39697.733293,24786.1204586384
"Condition","event","Cerebrovascular disease","IPT",981165.794168,215001.777696412
"Condition","event","CNS infection","IPT",68192.301144,46942.5111632897
"Condition","event","Coma, brain damage","IPT",19055.776705,19055.776705
"Condition","event","Complications of pregnancy and birth","IPT",157992.499589,50097.3039025864
"Condition","event","Complications of surgery or device","IPT",121589.570071,41455.9773499004
"Condition","event","Congenital anomalies","IPT",246230.1689,74523.6448547749
"Condition","event","COPD, asthma","IPT",1588227.621546,191457.274053942
"Condition","event","Diabetes mellitus","IPT",579243.49892,103364.025926026
"Condition","event","Disorders of mouth and esophagus","IPT",8990.692807,8990.692807
"Condition","event","Disorders of the upper GI","IPT",569617.76675,107841.148672172
"Condition","event","Epilepsy and convulsions","IPT",171738.675486,54161.5888195443
"Condition","event","Female genital disorders, and contraception","IPT",422745.363264,89519.1782022008
"Condition","event","Gallbladder, pancreatic, and liver disease","IPT",831037.059706,139662.502805636
"Condition","event","Glaucoma","IPT",7956.956367,7956.956367
"Condition","event","Headache","IPT",42400.434055,21597.5801631077
"Condition","event","Heart disease","IPT",3813306.555069,360798.719569936
"Condition","event","Hemorrhagic, coagulation, and disorders of White Blood cells","IPT",83478.77463,41080.1229262985
"Condition","event","Hereditary, degenerative and other nervous system disorders","IPT",24134.285345,17066.4615850724
"Condition","event","Hernias","IPT",264854.458137,74498.1182487167
"Condition","event","Hyperlipidemia","IPT",27477.40251,16636.2024884132
"Condition","event","Hypertension","IPT",488768.650039,104721.208077745
"Condition","event","Infectious diseases","IPT",637516.313141,136981.000244825
"Condition","event","Influenza","IPT",59593.840678,31094.2174704317
"Condition","event","Intestinal infection","IPT",107305.085241,49439.2678822346
"Condition","event","Kidney Disease","IPT",503279.081707,105011.387502659
"Condition","event","Male genital disorders","IPT",43956.193582,20572.1059808728
"Condition","event","Mental disorders","IPT",1126775.254518,195265.210822004
"Condition","event","Non-malignant breast disease","IPT",17645.683168,17645.683168
"Condition","event","Non-malignant neoplasm","IPT",209501.698302,51341.6350671192
"Condition","event","Normal birth/live born","IPT",3177712.982456,302881.183772888
"Condition","event","Osteoarthritis and other non-traumatic joint disorders","IPT",418341.203009,92075.1129226048
"Condition","event","Other bone and musculoskeletal disease","IPT",110939.198501,36526.3118996194
"Condition","event","Other care and screening","IPT",179066.320533,49304.3784731944
"Condition","event","Other circulatory conditions arteries, veins, and lymphatics","IPT",823195.355915,155828.689538524
"Condition","event","Other CNS disorders","IPT",358167.546307,92968.604387545
"Condition","event","Other endocrine, nutritional & immune disorder","IPT",585498.981432,188389.425289063
"Condition","event","Other eye disorders","IPT",129210.147018,55404.4984099241
"Condition","event","Other GI","IPT",628922.635232,156685.830652911
"Condition","event","Other stomach and intestinal disorders","IPT",291019.157626,69279.0596939967
"Condition","event","Other urinary","IPT",124167.317194,40754.5351960329
"Condition","event","Otitis media","IPT",38020.909444,25111.2967438393
"Condition","event","Paralysis","IPT",40083.810132,34572.1979398022
"Condition","event","Perinatal Conditions","IPT",24007.804582,17111.3043344615
"Condition","event","Pneumonia","IPT",1094175.133018,126012.846596409
"Condition","event","Poisoning by medical and non-medical substances","IPT",95431.774247,35250.9026083695
"Condition","event","Residual Codes","IPT",314770.066083,69382.897094473
"Condition","event","Skin disorders","IPT",319373.579654,74333.2801107194
"Condition","event","Symptoms","IPT",378693.311117,72900.3928704169
"Condition","event","Systemic lupus and connective tissues disorders","IPT",390858.49224,122988.682687562
"Condition","event","Thyroid disease","IPT",85657.840304,38610.3155226888
"Condition","event","Tonsillitis","IPT",60846.591601,44236.7004689315
"Condition","event","Trauma-related disorders","IPT",2421760.775978,294113.470301831
"Condition","event","Urinary tract infections","IPT",263558.795174,71916.8381264543
"Condition","event","Acute Bronchitis and URI","OBV",46043275.09342,2188380.07800143
"Condition","event","Allergic reactions","OBV",9973776.693429,3129440.61292841
"Condition","event","Anemia and other deficiencies","OBV",4306670.40388,762282.326905609
"Condition","event","Appendicitis","OBV",207951.605587,86430.0956204507
"Condition","event","Back problems","OBV",76055143.723212,5992166.00934185
"Condition","event","Cancer","OBV",43996533.446389,4851651.73610459
"Condition","event","Cataract","OBV",10053808.832679,1207749.40048591
"Condition","event","Cerebrovascular disease","OBV",5576042.927856,1198166.81164599
"Condition","event","CNS infection","OBV",466441.024742,199443.795370943
"Condition","event","Coma, brain damage","OBV",95278.883525,95278.883525
"Condition","event","Complications of pregnancy and birth","OBV",1929359.968963,519455.553436289
"Condition","event","Complications of surgery or device","OBV",836155.129108,182957.594252673
"Condition","event","Congenital anomalies","OBV",7227800.562644,2703380.76639733
"Condition","event","COPD, asthma","OBV",79870792.844595,5031628.87919106
"Condition","event","Diabetes mellitus","OBV",43262534.227441,4068855.7035321
"Condition","event","Disorders of mouth and esophagus","OBV",1029954.156315,358768.802734999
"Condition","event","Disorders of teeth and jaws","OBV",1354740.914041,248960.933681209
"Condition","event","Disorders of the upper GI","OBV",10913331.846448,785852.470456274
"Condition","event","Epilepsy and convulsions","OBV",3776182.97055,555204.948802429
"Condition","event","Female genital disorders, and contraception","OBV",12439819.568665,965967.88764929
"Condition","event","Gallbladder, pancreatic, and liver disease","OBV",5848518.601797,887110.377664316
"Condition","event","Glaucoma","OBV",5829987.30913,601184.280553685
"Condition","event","Headache","OBV",11313863.535828,1634491.05027528
"Condition","event","Heart disease","OBV",46471407.894148,3290959.55113713
"Condition","event","Hemorrhagic, coagulation, and disorders of White Blood cells","OBV",2136683.843409,473506.751188436
"Condition","event","Hereditary, degenerative and other nervous system disorders","OBV",3412461.899247,651630.940184909
"Condition","event","Hernias","OBV",5159301.094718,620860.483083121
"Condition","event","Hyperlipidemia","OBV",15718588.577867,1155565.0816918
"Condition","event","Hypertension","OBV",52063471.729841,3013488.36388916
"Condition","event","Infectious diseases","OBV",24200405.832156,1705449.71344226
"Condition","event","Influenza","OBV",6305104.60061,540395.881875131
"Condition","event","Intestinal infection","OBV",9375579.457334,538012.570033501
"Condition","event","Kidney Disease","OBV",13500428.910431,3076224.66767499
"Condition","event","Male genital disorders","OBV",4191693.769208,546395.836963751
"Condition","event","Mental disorders","OBV",105893090.220747,11448370.4236444
"Condition","event","Non-malignant breast disease","OBV",4983138.401081,557449.72010534
"Condition","event","Non-malignant neoplasm","OBV",6345518.830616,562134.419750466
"Condition","event","Normal birth/live born","OBV",37069870.030427,3497260.62872342
"Condition","event","Osteoarthritis and other non-traumatic joint disorders","OBV",49976333.296141,3372638.3612468
"Condition","event","Other bone and musculoskeletal disease","OBV",13558971.697637,2923030.08841641
"Condition","event","Other care and screening","OBV",31859226.880066,3802919.85676904
"Condition","event","Other circulatory conditions arteries, veins, and lymphatics","OBV",11931227.063526,1270016.08645961
"Condition","event","Other CNS disorders","OBV",35793084.888738,2924771.90103041
"Condition","event","Other endocrine, nutritional & immune disorder","OBV",12479835.625955,2123990.80190763
"Condition","event","Other eye disorders","OBV",22662530.72848,1469875.83924055
"Condition","event","Other GI","OBV",8821112.933017,741179.90294413
"Condition","event","Other stomach and intestinal disorders","OBV",3001232.146334,509502.001582682
"Condition","event","Other urinary","OBV",5017359.672591,648882.991172835
"Condition","event","Otitis media","OBV",24338425.767069,2325493.72031998
"Condition","event","Paralysis","OBV",800920.776237,269376.196255032
"Condition","event","Perinatal Conditions","OBV",232197.928376,135773.267517215
"Condition","event","Pneumonia","OBV",5491342.882936,502207.866462782
"Condition","event","Poisoning by medical and non-medical substances","OBV",1540508.933103,279621.138622297
"Condition","event","Residual Codes","OBV",21278135.805665,2205330.41194135
"Condition","event","Skin disorders","OBV",36113907.123178,2363786.67162179
"Condition","event","Symptoms","OBV",8433586.315371,940389.128662475
"Condition","event","Systemic lupus and connective tissues disorders","OBV",39895434.642119,4759281.62183503
"Condition","event","Thyroid disease","OBV",13875556.286336,1153819.9392831
"Condition","event","Tonsillitis","OBV",2099488.521646,436245.867683821
"Condition","event","Trauma-related disorders","OBV",114938870.551142,7334986.84023797
"Condition","event","Urinary tract infections","OBV",7870717.614177,623206.324238844
"Condition","event","Acute Bronchitis and URI","OPT",920038.075592,252058.096456829
"Condition","event","Allergic reactions","OPT",162020.632191,57942.99492358
"Condition","event","Anemia and other deficiencies","OPT",190864.523561,77093.5546486521
"Condition","event","Appendicitis","OPT",14782.243742,11201.0704874724
"Condition","event","Back problems","OPT",4495128.956721,757583.536809981
"Condition","event","Cancer","OPT",12940714.299798,2415887.9377127
"Condition","event","Cataract","OPT",1450755.938966,213947.472286121
"Condition","event","Cerebrovascular disease","OPT",1669923.662547,519663.818851068
"Condition","event","CNS infection","OPT",87239.637322,76057.0118718521
"Condition","event","Complications of pregnancy and birth","OPT",192080.308732,72670.8303299569
"Condition","event","Complications of surgery or device","OPT",82285.754988,53481.8202201598
"Condition","event","Congenital anomalies","OPT",361679.636951,103696.896333198
"Condition","event","COPD, asthma","OPT",3325250.074137,551835.378885951
"Condition","event","Diabetes mellitus","OPT",2922450.578705,1337517.02379219
"Condition","event","Disorders of mouth and esophagus","OPT",39449.24045,27475.3304591953
"Condition","event","Disorders of teeth and jaws","OPT",43578.862229,25687.4392050141
"Condition","event","Disorders of the upper GI","OPT",1418520.205552,257445.239147764
"Condition","event","Epilepsy and convulsions","OPT",278031.175916,94863.5085528071
"Condition","event","Female genital disorders, and contraception","OPT",979330.252232,158003.503398023
"Condition","event","Gallbladder, pancreatic, and liver disease","OPT",949541.466053,182497.556518885
"Condition","event","Glaucoma","OPT",181863.511972,83976.9435225324
"Condition","event","Headache","OPT",392057.422726,80917.3449853681
"Condition","event","Heart disease","OPT",7919919.09886,2193775.02711254
"Condition","event","Hemorrhagic, coagulation, and disorders of White Blood cells","OPT",384482.829141,177151.098966017
"Condition","event","Hereditary, degenerative and other nervous system disorders","OPT",582267.154375,202176.938942877
"Condition","event","Hernias","OPT",968601.64947,148687.449570349
"Condition","event","Hyperlipidemia","OPT",701349.922809,139237.439944435
"Condition","event","Hypertension","OPT",1351841.674809,294663.599373349
"Condition","event","Infectious diseases","OPT",1289407.395159,303449.7279873
"Condition","event","Influenza","OPT",125198.091058,50346.5003578046
"Condition","event","Intestinal infection","OPT",111097.608469,38139.8749205184
"Condition","event","Kidney Disease","OPT",3211000.70864,938129.907546105
"Condition","event","Male genital disorders","OPT",285022.766663,79287.969233493
"Condition","event","Mental disorders","OPT",11993039.299019,5395214.55157606
"Condition","event","Non-malignant breast disease","OPT",1031512.744759,160862.123248057
"Condition","event","Non-malignant neoplasm","OPT",876425.405043,189507.709100598
"Condition","event","Normal birth/live born","OPT",2019310.0333,377694.249211956
"Condition","event","Osteoarthritis and other non-traumatic joint disorders","OPT",6594490.046611,1568938.05261197
"Condition","event","Other bone and musculoskeletal disease","OPT",845314.021652,172221.299168478
"Condition","event","Other care and screening","OPT",2056527.861763,394053.745996446
"Condition","event","Other circulatory conditions arteries, veins, and lymphatics","OPT",1644027.973334,459594.672924535
"Condition","event","Other CNS disorders","OPT",2570800.675533,383496.363286652
"Condition","event","Other endocrine, nutritional & immune disorder","OPT",685908.023734,226676.214157515
"Condition","event","Other eye disorders","OPT",527016.236572,117273.676852822
"Condition","event","Other GI","OPT",1367773.800313,202300.451806723
"Condition","event","Other stomach and intestinal disorders","OPT",447500.141954,128389.910072616
"Condition","event","Other urinary","OPT",275627.309888,106537.011272444
"Condition","event","Otitis media","OPT",615660.262443,172269.307929428
"Condition","event","Paralysis","OPT",38939.051,22281.617953089
"Condition","event","Perinatal Conditions","OPT",30283.47476,30283.47476
"Condition","event","Pneumonia","OPT",392797.104908,117155.951324759
"Condition","event","Poisoning by medical and non-medical substances","OPT",429434.693072,386332.872387566
"Condition","event","Residual Codes","OPT",1148719.755352,199522.100725411
"Condition","event","Skin disorders","OPT",1590830.22761,535718.239321307
"Condition","event","Symptoms","OPT",663990.596815,126086.177042276
"Condition","event","Systemic lupus and connective tissues disorders","OPT",3240198.461715,713282.113083558
"Condition","event","Thyroid disease","OPT",901355.607052,215210.055452538
"Condition","event","Tonsillitis","OPT",188423.205729,69309.1551648125
"Condition","event","Trauma-related disorders","OPT",12181316.108749,1938982.85571506
"Condition","event","Urinary tract infections","OPT",359473.34069,83259.4040841774
"Condition","event","Acute Bronchitis and URI","RX",47304771.794041,2064713.70976515
"Condition","event","Allergic reactions","RX",7805380.154079,660491.788346395
"Condition","event","Anemia and other deficiencies","RX",1949410.230485,280458.398105592
"Condition","event","Appendicitis","RX",92683.050199,39918.225113305
"Condition","event","Back problems","RX",15778205.745072,1052095.93412846
"Condition","event","Cancer","RX",8288917.612881,867021.226304434
"Condition","event","Cataract","RX",2661806.617381,347722.237876481
"Condition","event","Cerebrovascular disease","RX",2988794.630419,424498.069367106
"Condition","event","CNS infection","RX",213872.496691,108442.352855087
"Condition","event","Coma, brain damage","RX",38111.55341,38111.55341
"Condition","event","Complications of pregnancy and birth","RX",597397.805628,143771.276722706
"Condition","event","Complications of surgery or device","RX",1028453.407296,171972.898432574
"Condition","event","Congenital anomalies","RX",1043423.082623,241322.271504399
"Condition","event","COPD, asthma","RX",101586155.643024,4198473.98201121
"Condition","event","Diabetes mellitus","RX",47348658.429889,2670839.84423827
"Condition","event","Disorders of mouth and esophagus","RX",1301548.837303,191914.665453213
"Condition","event","Disorders of teeth and jaws","RX",9681089.927161,604130.179774175
"Condition","event","Disorders of the upper GI","RX",18392896.359495,920425.07968374
"Condition","event","Epilepsy and convulsions","RX",6601653.994951,756733.85413002
"Condition","event","Female genital disorders, and contraception","RX",28463336.492301,1527138.3988563
"Condition","event","Gallbladder, pancreatic, and liver disease","RX",1545232.982445,278679.667472195
"Condition","event","Glaucoma","RX",8253905.806198,879747.713244899
"Condition","event","Headache","RX",10458913.056178,859824.277011804
"Condition","event","Heart disease","RX",54016602.939013,3371519.51445199
"Condition","event","Hemorrhagic, coagulation, and disorders of White Blood cells","RX",1447121.145065,302234.271774011
"Condition","event","Hereditary, degenerative and other nervous system disorders","RX",3712810.645139,607227.807391338
"Condition","event","Hernias","RX",3383332.962553,336615.214506619
"Condition","event","Hyperlipidemia","RX",23328128.492111,1147384.26337855
"Condition","event","Hypertension","RX",95998075.824982,3854964.49164931
"Condition","event","Infectious diseases","RX",17976296.918427,1228641.21257253
"Condition","event","Influenza","RX",6385472.370347,527693.356285846
"Condition","event","Intestinal infection","RX",8599682.025396,552612.668572681
"Condition","event","Kidney Disease","RX",4074047.455672,594799.706245376
"Condition","event","Male genital disorders","RX",4176124.414398,474302.464852538
"Condition","event","Mental disorders","RX",51384613.622699,2679911.24237231
"Condition","event","Non-malignant breast disease","RX",567785.93451,117407.077116338
"Condition","event","Non-malignant neoplasm","RX",655036.217616,107961.739461832
"Condition","event","Normal birth/live born","RX",5534303.842554,463917.320988076
"Condition","event","Osteoarthritis and other non-traumatic joint disorders","RX",31006524.007868,1818983.40772697
"Condition","event","Other bone and musculoskeletal disease","RX",6432613.671363,538814.090637958
"Condition","event","Other care and screening","RX",37317690.014656,2102594.70256036
"Condition","event","Other circulatory conditions arteries, veins, and lymphatics","RX",7297779.096097,703393.712332557
"Condition","event","Other CNS disorders","RX",12070405.632032,780165.585904617
"Condition","event","Other endocrine, nutritional & immune disorder","RX",22937615.915167,1229795.01078935
"Condition","event","Other eye disorders","RX",8132902.654945,554387.624981091
"Condition","event","Other GI","RX",9090319.483258,690328.251687578
"Condition","event","Other stomach and intestinal disorders","RX",3383313.767501,588976.35861797
"Condition","event","Other urinary","RX",4291151.629329,417836.518922835
"Condition","event","Otitis media","RX",19151618.171485,1450882.34238035
"Condition","event","Paralysis","RX",87439.149893,39388.6736625018
"Condition","event","Perinatal Conditions","RX",74171.827153,43854.9164335236
"Condition","event","Pneumonia","RX",6072396.547146,493663.226717938
"Condition","event","Poisoning by medical and non-medical substances","RX",1121051.691369,179734.559647148
"Condition","event","Residual Codes","RX",26478095.106784,1608389.69124183
"Condition","event","Skin disorders","RX",28016068.271056,1522843.57636893
"Condition","event","Symptoms","RX",3685674.330644,325108.296932001
"Condition","event","Systemic lupus and connective tissues disorders","RX",13807170.136613,842021.866994334
"Condition","event","Thyroid disease","RX",22665399.998845,1199820.21585669
"Condition","event","Tonsillitis","RX",1464604.027926,251482.127609475
"Condition","event","Trauma-related disorders","RX",24843118.438999,1265505.6384263
"Condition","event","Urinary tract infections","RX",8495388.614398,586898.399479682
"Condition","sop","Acute Bronchitis and URI","XP99X",92571223.053236,4054284.74518919
"Condition","sop","Acute Bronchitis and URI","SF99X",75108853.284812,3459018.11622808
"Condition","sop","Acute Bronchitis and URI","MR99X",4060324.983893,514298.484780235
"Condition","sop","Acute Bronchitis and URI","MD99X",8654824.57311,922884.435537462
"Condition","sop","Acute Bronchitis and URI","PR99X",58248514.590573,2932637.78218021
"Condition","sop","Acute Bronchitis and URI","OZ99X",2790979.153032,370412.177155689
"Condition","sop","Allergic reactions","XP99X",18116244.288011,3395007.17208979
"Condition","sop","Allergic reactions","SF99X",12983264.662639,1105858.26821269
"Condition","sop","Allergic reactions","MR99X",1044013.182909,234529.786882455
"Condition","sop","Allergic reactions","MD99X",992540.221582,225719.369517775
"Condition","sop","Allergic reactions","PR99X",11849502.433019,3295779.60320744
"Condition","sop","Allergic reactions","OZ99X",594987.186951,177732.494958602
"Condition","sop","Anemia and other deficiencies","XP99X",6479090.033271,882581.719513088
"Condition","sop","Anemia and other deficiencies","SF99X",3246495.341565,408680.41649599
"Condition","sop","Anemia and other deficiencies","MR99X",2491257.234713,673400.053308657
"Condition","sop","Anemia and other deficiencies","MD99X",859593.71735,288884.652002862
"Condition","sop","Anemia and other deficiencies","PR99X",2360799.314729,361636.032500266
"Condition","sop","Anemia and other deficiencies","OZ99X",494886.956433,273987.179002315
"Condition","sop","Appendicitis","XP99X",511914.57221,156163.780395856
"Condition","sop","Appendicitis","SF99X",361854.095335,139253.311082979
"Condition","sop","Appendicitis","MR99X",0,0
"Condition","sop","Appendicitis","MD99X",23584.131097,16889.5400086317
"Condition","sop","Appendicitis","PR99X",401578.70501,137316.734037624
"Condition","sop","Appendicitis","OZ99X",44289.48274,27421.214613417
"Condition","sop","Back problems","XP99X",94526000.789729,6147975.26317468
"Condition","sop","Back problems","SF99X",60405459.845189,3914536.75814286
"Condition","sop","Back problems","MR99X",13306189.409038,1847988.42580628
"Condition","sop","Back problems","MD99X",7951722.1311,2056535.36552869
"Condition","sop","Back problems","PR99X",48531233.575465,3498707.60868515
"Condition","sop","Back problems","OZ99X",13188703.400617,2006475.97833065
"Condition","sop","Cancer","XP99X",62069680.825619,5345593.62199832
"Condition","sop","Cancer","SF99X",25899474.32647,2520906.93385842
"Condition","sop","Cancer","MR99X",25462190.356681,3076729.25371528
"Condition","sop","Cancer","MD99X",4955178.410548,1167091.11167119
"Condition","sop","Cancer","PR99X",36084366.595135,3936536.99091779
"Condition","sop","Cancer","OZ99X",6411469.303458,1235094.16539739
"Condition","sop","Cataract","XP99X",13585783.651687,1544474.9170964
"Condition","sop","Cataract","SF99X",6378487.76955,695195.555765804
"Condition","sop","Cataract","MR99X",8146090.33228,1073257.9710457
"Condition","sop","Cataract","MD99X",1040884.852478,305700.103431151
"Condition","sop","Cataract","PR99X",5693649.224549,773216.230961611
"Condition","sop","Cataract","OZ99X",1274429.863598,310963.964545363
"Condition","sop","Cerebrovascular disease","XP99X",12726377.05413,1888518.62694499
"Condition","sop","Cerebrovascular disease","SF99X",5103969.862686,741032.391432328
"Condition","sop","Cerebrovascular disease","MR99X",5956812.002984,1383797.82499165
"Condition","sop","Cerebrovascular disease","MD99X",1400749.005399,357048.398637393
"Condition","sop","Cerebrovascular disease","PR99X",5359827.719248,1402083.85912355
"Condition","sop","Cerebrovascular disease","OZ99X",1531840.452825,331944.722206169
"Condition","sop","CNS infection","XP99X",723750.148288,261245.27799747
"Condition","sop","CNS infection","SF99X",384451.205269,178433.315293322
"Condition","sop","CNS infection","MR99X",145082.989069,59993.5725415653
"Condition","sop","CNS infection","MD99X",52971.569474,43828.0482353496
"Condition","sop","CNS infection","PR99X",372232.361728,180204.154586196
"Condition","sop","CNS infection","OZ99X",24416.429749,19254.1776423602
"Condition","sop","Coma, brain damage","XP99X",152446.21364,152446.21364
"Condition","sop","Coma, brain damage","SF99X",95278.883525,95278.883525
"Condition","sop","Coma, brain damage","MR99X",0,0
"Condition","sop","Coma, brain damage","MD99X",0,0
"Condition","sop","Coma, brain damage","PR99X",114334.66023,114334.66023
"Condition","sop","Coma, brain damage","OZ99X",0,0
"Condition","sop","Complications of pregnancy and birth","XP99X",2865273.115775,625151.065463745
"Condition","sop","Complications of pregnancy and birth","SF99X",1656168.066447,495412.5054697
"Condition","sop","Complications of pregnancy and birth","MR99X",17616.8522,17616.8522
"Condition","sop","Complications of pregnancy and birth","MD99X",574191.325272,187204.154259624
"Condition","sop","Complications of pregnancy and birth","PR99X",1230069.229177,384316.677662139
"Condition","sop","Complications of pregnancy and birth","OZ99X",230284.467437,84849.4928732215
"Condition","sop","Complications of surgery or device","XP99X",2171192.518099,325212.351449124
"Condition","sop","Complications of surgery or device","SF99X",1507336.180188,272238.448094559
"Condition","sop","Complications of surgery or device","MR99X",281647.785923,70865.4222905536
"Condition","sop","Complications of surgery or device","MD99X",283300.125667,64479.5239463376
"Condition","sop","Complications of surgery or device","PR99X",900863.98199,187014.348974252
"Condition","sop","Complications of surgery or device","OZ99X",228202.018542,102355.223933622
"Condition","sop","Congenital anomalies","XP99X",8135474.80122,1600213.1042024
"Condition","sop","Congenital anomalies","SF99X",2921542.927524,561305.932844744
"Condition","sop","Congenital anomalies","MR99X",492019.556434,147622.444464919
"Condition","sop","Congenital anomalies","MD99X",2088478.378447,939036.030279419
"Condition","sop","Congenital anomalies","PR99X",4568152.606666,1247807.58906974
"Condition","sop","Congenital anomalies","OZ99X",607550.486206,174050.845627312
"Condition","sop","COPD, asthma","XP99X",188855777.7747,8722681.3149787
"Condition","sop","COPD, asthma","SF99X",142369428.422483,6248062.20716765
"Condition","sop","COPD, asthma","MR99X",21163845.556735,2244342.1587751
"Condition","sop","COPD, asthma","MD99X",23231344.282264,2301381.24368614
"Condition","sop","COPD, asthma","PR99X",105018310.183644,5959129.51493307
"Condition","sop","COPD, asthma","OZ99X",10448617.668881,1123138.45130943
"Condition","sop","Diabetes mellitus","XP99X",95263051.303344,6834714.81218494
"Condition","sop","Diabetes mellitus","SF99X",65421554.538982,4123287.07881338
"Condition","sop","Diabetes mellitus","MR99X",26719963.750439,3970170.27462116
"Condition","sop","Diabetes mellitus","MD99X",13245076.239583,2734778.21919572
"Condition","sop","Diabetes mellitus","PR99X",33717937.384397,2877182.5524427
"Condition","sop","Diabetes mellitus","OZ99X",7269368.554313,911090.397898592
"Condition","sop","Disorders of mouth and esophagus","XP99X",2304439.645102,421144.372075873
"Condition","sop","Disorders of mouth and esophagus","SF99X",1929068.436289,388584.746018629
"Condition","sop","Disorders of mouth and esophagus","MR99X",412387.716791,208164.679421104
"Condition","sop","Disorders of mouth and esophagus","MD99X",69924.232659,26327.7424706369
"Condition","sop","Disorders of mouth and esophagus","PR99X",1328334.126953,285747.773384175
"Condition","sop","Disorders of mouth and esophagus","OZ99X",130692.232737,68204.8423380328
"Condition","sop","Disorders of teeth and jaws","XP99X",11066815.178702,703690.849894409
"Condition","sop","Disorders of teeth and jaws","SF99X",9750536.941182,655607.579972649
"Condition","sop","Disorders of teeth and jaws","MR99X",211636.776582,74586.8479113604
"Condition","sop","Disorders of teeth and jaws","MD99X",961788.690676,190453.905059706
"Condition","sop","Disorders of teeth and jaws","PR99X",4758265.815923,442818.601070231
"Condition","sop","Disorders of teeth and jaws","OZ99X",362766.224161,119897.548325476
"Condition","sop","Disorders of the upper GI","XP99X",31660082.139363,1596637.41491376
"Condition","sop","Disorders of the upper GI","SF99X",23866501.347136,1218144.84383652
"Condition","sop","Disorders of the upper GI","MR99X",3978113.248284,496835.289971821
"Condition","sop","Disorders of the upper GI","MD99X",3860843.044228,482720.350102012
"Condition","sop","Disorders of the upper GI","PR99X",16902628.66483,1115995.74951856
"Condition","sop","Disorders of the upper GI","OZ99X",1581386.428174,255630.541388445
"Condition","sop","Epilepsy and convulsions","XP99X",12007026.284731,1493466.93806443
"Condition","sop","Epilepsy and convulsions","SF99X",6954011.415823,846313.134132075
"Condition","sop","Epilepsy and convulsions","MR99X",1061460.821221,288677.01954474
"Condition","sop","Epilepsy and convulsions","MD99X",3812225.664698,759376.364422161
"Condition","sop","Epilepsy and convulsions","PR99X",4055162.205709,825956.070279351
"Condition","sop","Epilepsy and convulsions","OZ99X",1174378.328774,366827.723653224
"Condition","sop","Female genital disorders, and contraception","XP99X",41491708.012641,2216427.95958118
"Condition","sop","Female genital disorders, and contraception","SF99X",36656547.748774,2054773.04298297
"Condition","sop","Female genital disorders, and contraception","MR99X",1696804.685546,344598.132077116
"Condition","sop","Female genital disorders, and contraception","MD99X",2273850.292663,345540.138721651
"Condition","sop","Female genital disorders, and contraception","PR99X",24622026.825277,1700020.93843309
"Condition","sop","Female genital disorders, and contraception","OZ99X",994711.322731,218943.555933389
"Condition","sop","Gallbladder, pancreatic, and liver disease","XP99X",9665471.054409,1182608.6887882
"Condition","sop","Gallbladder, pancreatic, and liver disease","SF99X",4751622.711795,734357.109033053
"Condition","sop","Gallbladder, pancreatic, and liver disease","MR99X",2721346.272161,656799.100381534
"Condition","sop","Gallbladder, pancreatic, and liver disease","MD99X",977325.034439,233167.620005295
"Condition","sop","Gallbladder, pancreatic, and liver disease","PR99X",5163464.674687,692998.014042855
"Condition","sop","Gallbladder, pancreatic, and liver disease","OZ99X",1169174.553615,416874.855819893
"Condition","sop","Glaucoma","XP99X",14222346.002962,1378070.86736046
"Condition","sop","Glaucoma","SF99X",10937309.873027,1083587.933568
"Condition","sop","Glaucoma","MR99X",4249169.145538,536690.046339048
"Condition","sop","Glaucoma","MD99X",735752.069399,239720.970276543
"Condition","sop","Glaucoma","PR99X",5517388.863668,705312.669633294
"Condition","sop","Glaucoma","OZ99X",1194616.452204,295277.610136827
"Condition","sop","Headache","XP99X",22719092.989603,2080109.2964515
"Condition","sop","Headache","SF99X",18794738.221376,1937308.56358226
"Condition","sop","Headache","MR99X",899256.954637,229884.968396097
"Condition","sop","Headache","MD99X",1936349.081608,318333.510949266
"Condition","sop","Headache","PR99X",12320318.121495,1274049.95925067
"Condition","sop","Headache","OZ99X",1309577.815371,319356.180533047
"Condition","sop","Heart disease","XP99X",116641025.647777,7338874.5585335
"Condition","sop","Heart disease","SF99X",75470249.614017,4538632.47557481
"Condition","sop","Heart disease","MR99X",35180839.124966,3255892.73920906
"Condition","sop","Heart disease","MD99X",12436672.071955,2043550.43247549
"Condition","sop","Heart disease","PR99X",43917260.242611,3483384.80897248
"Condition","sop","Heart disease","OZ99X",13016801.988309,1533057.41389626
"Condition","sop","Hemorrhagic, coagulation, and disorders of White Blood cells","XP99X",4154184.580177,814811.561213872
"Condition","sop","Hemorrhagic, coagulation, and disorders of White Blood cells","SF99X",2507888.750158,494784.683413659
"Condition","sop","Hemorrhagic, coagulation, and disorders of White Blood cells","MR99X",1085310.303886,351925.342794376
"Condition","sop","Hemorrhagic, coagulation, and disorders of White Blood cells","MD99X",600318.707148,343999.543009756
"Condition","sop","Hemorrhagic, coagulation, and disorders of White Blood cells","PR99X",1736802.333644,453774.597097157
"Condition","sop","Hemorrhagic, coagulation, and disorders of White Blood cells","OZ99X",431201.032474,168938.686887041
"Condition","sop","Hereditary, degenerative and other nervous system disorders","XP99X",8310942.845362,1183424.76632816
"Condition","sop","Hereditary, degenerative and other nervous system disorders","SF99X",5455114.545087,871055.352535086
"Condition","sop","Hereditary, degenerative and other nervous system disorders","MR99X",2172290.489542,487117.43507968
"Condition","sop","Hereditary, degenerative and other nervous system disorders","MD99X",481765.461314,218417.873180115
"Condition","sop","Hereditary, degenerative and other nervous system disorders","PR99X",2956965.88162,656158.620055258
"Condition","sop","Hereditary, degenerative and other nervous system disorders","OZ99X",1050340.821341,317815.586735643
"Condition","sop","Hernias","XP99X",9887356.836002,897279.055725153
"Condition","sop","Hernias","SF99X",6383978.90846,616768.295606421
"Condition","sop","Hernias","MR99X",2146461.813779,370821.284333784
"Condition","sop","Hernias","MD99X",874613.758146,248381.065112239
"Condition","sop","Hernias","PR99X",5035857.432706,578790.672212305
"Condition","sop","Hernias","OZ99X",1291916.456892,373854.427461218
"Condition","sop","Hyperlipidemia","XP99X",39344844.073781,2087697.32115773
"Condition","sop","Hyperlipidemia","SF99X",31812370.572238,1696617.64486929
"Condition","sop","Hyperlipidemia","MR99X",7780854.954082,893242.136035422
"Condition","sop","Hyperlipidemia","MD99X",2040563.844961,367444.916629564
"Condition","sop","Hyperlipidemia","PR99X",20670294.603848,1297746.27604225
"Condition","sop","Hyperlipidemia","OZ99X",2651628.537591,477999.275750574
"Condition","sop","Hypertension","XP99X",151269736.126476,6622952.86542434
"Condition","sop","Hypertension","SF99X",120239035.403379,5088645.25352868
"Condition","sop","Hypertension","MR99X",30271054.748322,2512947.49006038
"Condition","sop","Hypertension","MD99X",15577232.338348,1957752.49879644
"Condition","sop","Hypertension","PR99X",62094605.958627,3093950.69571512
"Condition","sop","Hypertension","OZ99X",12154379.448307,1255033.42863691
"Condition","sop","Infectious diseases","XP99X",43783338.232798,2747877.97248467
"Condition","sop","Infectious diseases","SF99X",31916802.647391,1975882.32696411
"Condition","sop","Infectious diseases","MR99X",4262787.583059,735099.849367193
"Condition","sop","Infectious diseases","MD99X",5808543.003043,1115721.29051895
"Condition","sop","Infectious diseases","PR99X",25047780.258326,1808197.86210386
"Condition","sop","Infectious diseases","OZ99X",2116539.019537,330010.424273601
"Condition","sop","Influenza","XP99X",12812002.413589,993606.2122251
"Condition","sop","Influenza","SF99X",10280000.718009,830657.762540178
"Condition","sop","Influenza","MR99X",731724.319956,167312.791741917
"Condition","sop","Influenza","MD99X",1149653.066053,275508.106578911
"Condition","sop","Influenza","PR99X",7576075.35983,734825.214277594
"Condition","sop","Influenza","OZ99X",563072.939121,131795.612762317
"Condition","sop","Intestinal infection","XP99X",18078406.491648,1020798.36966246
"Condition","sop","Intestinal infection","SF99X",14985687.37269,945550.94336281
"Condition","sop","Intestinal infection","MR99X",889751.35645,145552.283811284
"Condition","sop","Intestinal infection","MD99X",1792824.343035,251442.059928358
"Condition","sop","Intestinal infection","PR99X",10180472.552068,723900.527038709
"Condition","sop","Intestinal infection","OZ99X",639650.768687,118223.186391595
"Condition","sop","Kidney Disease","XP99X",20689929.527598,3429782.58566078
"Condition","sop","Kidney Disease","SF99X",8274948.424026,1123711.92757037
"Condition","sop","Kidney Disease","MR99X",8125111.80988,2704581.18243795
"Condition","sop","Kidney Disease","MD99X",4820666.455268,2110183.55058365
"Condition","sop","Kidney Disease","PR99X",8445432.556018,1524860.58073622
"Condition","sop","Kidney Disease","OZ99X",2507586.665679,1125804.69508528
"Condition","sop","Male genital disorders","XP99X",8720067.482367,950416.899949979
"Condition","sop","Male genital disorders","SF99X",6780296.155987,795320.108737051
"Condition","sop","Male genital disorders","MR99X",2571326.377662,396149.598948469
"Condition","sop","Male genital disorders","MD99X",285609.490552,107854.092832605
"Condition","sop","Male genital disorders","PR99X",4062250.96952,573562.447505528
"Condition","sop","Male genital disorders","OZ99X",947730.105111,173291.096763925
"Condition","sop","Mental disorders","XP99X",171938729.86638,14019193.553652
"Condition","sop","Mental disorders","SF99X",102703599.459111,9556110.55188624
"Condition","sop","Mental disorders","MR99X",17148413.390159,3302605.36931374
"Condition","sop","Mental disorders","MD99X",35700190.894578,4594103.07901389
"Condition","sop","Mental disorders","PR99X",72832246.366697,7513723.85580393
"Condition","sop","Mental disorders","OZ99X",20104883.605077,5292763.70163009
"Condition","sop","Non-malignant breast disease","XP99X",6308133.392013,656414.071298913
"Condition","sop","Non-malignant breast disease","SF99X",3691911.360489,413342.400211722
"Condition","sop","Non-malignant breast disease","MR99X",938235.324191,249784.572467128
"Condition","sop","Non-malignant breast disease","MD99X",319300.843802,104489.446965875
"Condition","sop","Non-malignant breast disease","PR99X",4893626.759653,597223.434777124
"Condition","sop","Non-malignant breast disease","OZ99X",399484.394299,133063.45701368
"Condition","sop","Non-malignant neoplasm","XP99X",7636320.410157,684629.971766788
"Condition","sop","Non-malignant neoplasm","SF99X",4732119.50464,452240.125111822
"Condition","sop","Non-malignant neoplasm","MR99X",1505458.581455,319907.066568653
"Condition","sop","Non-malignant neoplasm","MD99X",58506.825706,27101.8639472311
"Condition","sop","Non-malignant neoplasm","PR99X",5794161.117766,558973.909637468
"Condition","sop","Non-malignant neoplasm","OZ99X",715185.181177,211729.409245319
"Condition","sop","Normal birth/live born","XP99X",41928921.387718,3615108.5647764
"Condition","sop","Normal birth/live born","SF99X",20389317.177197,2013955.9144738
"Condition","sop","Normal birth/live born","MR99X",309141.821904,190626.853817466
"Condition","sop","Normal birth/live born","MD99X",9058518.219831,1362338.8064168
"Condition","sop","Normal birth/live born","PR99X",25197808.683511,2695021.24027664
"Condition","sop","Normal birth/live born","OZ99X",2616164.047459,531095.380871012
"Condition","sop","Osteoarthritis and other non-traumatic joint disorders","XP99X",91063395.008454,5339165.0809627
"Condition","sop","Osteoarthritis and other non-traumatic joint disorders","SF99X",56768282.120024,3517683.19189775
"Condition","sop","Osteoarthritis and other non-traumatic joint disorders","MR99X",23427557.811329,2097129.55980376
"Condition","sop","Osteoarthritis and other non-traumatic joint disorders","MD99X",10996999.080922,1525275.5705612
"Condition","sop","Osteoarthritis and other non-traumatic joint disorders","PR99X",38081763.160653,2694005.52299585
"Condition","sop","Osteoarthritis and other non-traumatic joint disorders","OZ99X",10640941.294303,1446228.82275776
"Condition","sop","Other bone and musculoskeletal disease","XP99X",20699807.830521,3068889.66036869
"Condition","sop","Other bone and musculoskeletal disease","SF99X",15875329.503307,2935552.9675479
"Condition","sop","Other bone and musculoskeletal disease","MR99X",4701169.865905,747442.947257934
"Condition","sop","Other bone and musculoskeletal disease","MD99X",1168322.999871,287594.003591524
"Condition","sop","Other bone and musculoskeletal disease","PR99X",7893163.301092,798885.659218937
"Condition","sop","Other bone and musculoskeletal disease","OZ99X",1006401.49745,231924.259700937
"Condition","sop","Other care and screening","XP99X",70605927.709277,4715488.5073207
"Condition","sop","Other care and screening","SF99X",52825807.931225,3140770.07035276
"Condition","sop","Other care and screening","MR99X",10865360.916162,1137228.83887057
"Condition","sop","Other care and screening","MD99X",5456404.41228,996798.830078209
"Condition","sop","Other care and screening","PR99X",33599017.946292,3220913.83217778
"Condition","sop","Other care and screening","OZ99X",3838474.365038,617720.402280608
"Condition","sop","Other circulatory conditions arteries, veins, and lymphatics","XP99X",21684126.95433,1916466.17514685
"Condition","sop","Other circulatory conditions arteries, veins, and lymphatics","SF99X",13982501.325072,1241913.42965743
"Condition","sop","Other circulatory conditions arteries, veins, and lymphatics","MR99X",7523747.95179,1004773.29863862
"Condition","sop","Other circulatory conditions arteries, veins, and lymphatics","MD99X",1204804.812553,247949.368303174
"Condition","sop","Other circulatory conditions arteries, veins, and lymphatics","PR99X",11166785.710998,1311871.18392527
"Condition","sop","Other circulatory conditions arteries, veins, and lymphatics","OZ99X",1524768.31139,258163.2498954
"Condition","sop","Other CNS disorders","XP99X",51170349.123053,3491793.15764278
"Condition","sop","Other CNS disorders","SF99X",32321857.848351,2518622.87178208
"Condition","sop","Other CNS disorders","MR99X",7437369.876011,812106.142500169
"Condition","sop","Other CNS disorders","MD99X",4817290.470068,699948.861887351
"Condition","sop","Other CNS disorders","PR99X",28023385.140194,2806659.96186399
"Condition","sop","Other CNS disorders","OZ99X",5361607.059318,1024204.72371722
"Condition","sop","Other endocrine, nutritional & immune disorder","XP99X",37159614.63449,2766403.37133505
"Condition","sop","Other endocrine, nutritional & immune disorder","SF99X",27611124.90671,1419183.7730981
"Condition","sop","Other endocrine, nutritional & immune disorder","MR99X",5192394.671199,674354.278756586
"Condition","sop","Other endocrine, nutritional & immune disorder","MD99X",3586064.971731,1265063.09959681
"Condition","sop","Other endocrine, nutritional & immune disorder","PR99X",15742989.339411,1265991.92686439
"Condition","sop","Other endocrine, nutritional & immune disorder","OZ99X",3198740.500748,1122500.16306135
"Condition","sop","Other eye disorders","XP99X",30782221.628812,1856175.99307243
"Condition","sop","Other eye disorders","SF99X",21477736.272703,1365593.98039806
"Condition","sop","Other eye disorders","MR99X",6411420.952938,594123.456524701
"Condition","sop","Other eye disorders","MD99X",2906189.340451,467338.865533663
"Condition","sop","Other eye disorders","PR99X",14524042.196485,1204433.70278647
"Condition","sop","Other eye disorders","OZ99X",1975843.83876,278211.036241269
"Condition","sop","Other GI","XP99X",20827380.984136,1465757.88864242
"Condition","sop","Other GI","SF99X",14247765.408575,1059626.94928783
"Condition","sop","Other GI","MR99X",4388494.555787,608231.23983523
"Condition","sop","Other GI","MD99X",2838433.353134,569648.762219071
"Condition","sop","Other GI","PR99X",10305082.423333,938578.100760707
"Condition","sop","Other GI","OZ99X",1507551.635586,259030.227195565
"Condition","sop","Other stomach and intestinal disorders","XP99X",7119263.379021,1097983.14711197
"Condition","sop","Other stomach and intestinal disorders","SF99X",5355615.973515,867920.818502098
"Condition","sop","Other stomach and intestinal disorders","MR99X",1090260.875711,257057.415916757
"Condition","sop","Other stomach and intestinal disorders","MD99X",276638.016659,103081.053169959
"Condition","sop","Other stomach and intestinal disorders","PR99X",3877873.928341,712429.976087758
"Condition","sop","Other stomach and intestinal disorders","OZ99X",912321.572193,360168.11321252
"Condition","sop","Other urinary","XP99X",9945190.947888,960808.900175992
"Condition","sop","Other urinary","SF99X",6335084.810809,598845.119456779
"Condition","sop","Other urinary","MR99X",2930478.56919,538338.190707795
"Condition","sop","Other urinary","MD99X",849191.840023,177837.588935373
"Condition","sop","Other urinary","PR99X",4507973.060607,611623.116996315
"Condition","sop","Other urinary","OZ99X",1054179.793573,255884.076733349
"Condition","sop","Otitis media","XP99X",43669998.157434,3606537.71567565
"Condition","sop","Otitis media","SF99X",32807675.043499,2665787.02599248
"Condition","sop","Otitis media","MR99X",948459.020755,197560.331162765
"Condition","sop","Otitis media","MD99X",7055880.251411,1418343.68231441
"Condition","sop","Otitis media","PR99X",27117731.7784,2477896.44799369
"Condition","sop","Otitis media","OZ99X",1443875.353659,278668.483783613
"Condition","sop","Paralysis","XP99X",1809128.464975,462843.882152237
"Condition","sop","Paralysis","SF99X",613482.138831,231543.578842335
"Condition","sop","Paralysis","MR99X",75674.368558,53672.0409603479
"Condition","sop","Paralysis","MD99X",555425.545583,223991.87045461
"Condition","sop","Paralysis","PR99X",400207.024299,166800.544062347
"Condition","sop","Paralysis","OZ99X",590772.764269,243829.962197674
"Condition","sop","Perinatal Conditions","XP99X",350054.986731,149888.543388739
"Condition","sop","Perinatal Conditions","SF99X",146717.26605,83209.1398376817
"Condition","sop","Perinatal Conditions","MR99X",0,0
"Condition","sop","Perinatal Conditions","MD99X",49990.279936,33007.6534676378
"Condition","sop","Perinatal Conditions","PR99X",192299.277214,115543.849334346
"Condition","sop","Perinatal Conditions","OZ99X",41823.826751,40585.5698104067
"Condition","sop","Pneumonia","XP99X",14176962.043082,1067872.51436479
"Condition","sop","Pneumonia","SF99X",10377176.973574,844498.342061221
"Condition","sop","Pneumonia","MR99X",2553806.157102,374387.959263626
"Condition","sop","Pneumonia","MD99X",1426771.701523,240916.250277545
"Condition","sop","Pneumonia","PR99X",7389969.161789,772062.041376597
"Condition","sop","Pneumonia","OZ99X",853300.119116,152753.406739101
"Condition","sop","Poisoning by medical and non-medical substances","XP99X",3612545.577835,639134.034028233
"Condition","sop","Poisoning by medical and non-medical substances","SF99X",2320467.551961,364156.595136558
"Condition","sop","Poisoning by medical and non-medical substances","MR99X",285874.728829,74151.7276140797
"Condition","sop","Poisoning by medical and non-medical substances","MD99X",244572.849083,61002.0448921764
"Condition","sop","Poisoning by medical and non-medical substances","PR99X",2204329.443888,564413.964546247
"Condition","sop","Poisoning by medical and non-medical substances","OZ99X",279124.787124,81903.4694811661
"Condition","sop","Residual Codes","XP99X",49146937.547397,3230278.53548056
"Condition","sop","Residual Codes","SF99X",35585967.863967,2389955.42449065
"Condition","sop","Residual Codes","MR99X",7996748.850699,850742.528712096
"Condition","sop","Residual Codes","MD99X",4994542.923782,689437.115395964
"Condition","sop","Residual Codes","PR99X",21663073.261355,1955030.23518435
"Condition","sop","Residual Codes","OZ99X",3186247.490796,485894.226809061
"Condition","sop","Skin disorders","XP99X",65585054.938826,3313249.46952909
"Condition","sop","Skin disorders","SF99X",48120967.295238,2380890.38071113
"Condition","sop","Skin disorders","MR99X",7836892.618584,937208.645430693
"Condition","sop","Skin disorders","MD99X",5216220.330637,728825.245291244
"Condition","sop","Skin disorders","PR99X",38295948.779078,2575814.17933995
"Condition","sop","Skin disorders","OZ99X",4290997.942183,484333.787125781
"Condition","sop","Symptoms","XP99X",13454420.808664,1059760.02208828
"Condition","sop","Symptoms","SF99X",8745444.203693,754275.099489319
"Condition","sop","Symptoms","MR99X",2047655.330194,349957.86819415
"Condition","sop","Symptoms","MD99X",1610728.553456,247578.356229242
"Condition","sop","Symptoms","PR99X",7971632.594993,858122.890386122
"Condition","sop","Symptoms","OZ99X",1008751.82794,201842.526523125
"Condition","sop","Systemic lupus and connective tissues disorders","XP99X",53148883.675478,3420128.33084552
"Condition","sop","Systemic lupus and connective tissues disorders","SF99X",34748506.660922,2662582.14910274
"Condition","sop","Systemic lupus and connective tissues disorders","MR99X",8974174.689691,957082.490797618
"Condition","sop","Systemic lupus and connective tissues disorders","MD99X",3723038.815446,689529.678407934
"Condition","sop","Systemic lupus and connective tissues disorders","PR99X",26381459.190109,2220129.87519062
"Condition","sop","Systemic lupus and connective tissues disorders","OZ99X",7127037.031032,1255528.01525352
"Condition","sop","Thyroid disease","XP99X",37071904.265803,2143693.50954145
"Condition","sop","Thyroid disease","SF99X",30343043.888602,1872285.61776704
"Condition","sop","Thyroid disease","MR99X",5969930.000217,667701.41178322
"Condition","sop","Thyroid disease","MD99X",2206543.33179,380416.266434385
"Condition","sop","Thyroid disease","PR99X",15610009.910955,1133708.58435173
"Condition","sop","Thyroid disease","OZ99X",2325380.805224,498343.690423169
"Condition","sop","Tonsillitis","XP99X",3792682.288102,634467.746517246
"Condition","sop","Tonsillitis","SF99X",2526222.293662,456429.543548759
"Condition","sop","Tonsillitis","MR99X",17074.081295,17074.081295
"Condition","sop","Tonsillitis","MD99X",603494.214509,222544.253972305
"Condition","sop","Tonsillitis","PR99X",2449677.918502,492909.376047103
"Condition","sop","Tonsillitis","OZ99X",46280.508291,32076.5161903019
"Condition","sop","Trauma-related disorders","XP99X",160076202.95719,8961973.44873675
"Condition","sop","Trauma-related disorders","SF99X",85015374.13584,5166722.45477535
"Condition","sop","Trauma-related disorders","MR99X",16930353.066093,1963226.84678873
"Condition","sop","Trauma-related disorders","MD99X",9167049.050392,1062706.81138113
"Condition","sop","Trauma-related disorders","PR99X",86623682.982321,6256250.86643954
"Condition","sop","Trauma-related disorders","OZ99X",34708929.824665,3467382.38289233
"Condition","sop","Urinary tract infections","XP99X",17267476.896562,1186717.2004023
"Condition","sop","Urinary tract infections","SF99X",12543797.232494,852533.715069752
"Condition","sop","Urinary tract infections","MR99X",2812321.376689,415682.03267704
"Condition","sop","Urinary tract infections","MD99X",2000594.827014,393769.829698886
"Condition","sop","Urinary tract infections","PR99X",8094994.098941,653988.496584957
"Condition","sop","Urinary tract infections","OZ99X",1030888.264093,300102.184192515
"Condition","agegrps","Acute Bronchitis and URI","Under 5",16654401.092869,1538012.16129382
"Condition","agegrps","Allergic reactions","Under 5",1926021.701331,437573.95930216
"Condition","agegrps","Anemia and other deficiencies","Under 5",275242.8891,116629.126223597
"Condition","agegrps","Back problems","Under 5",14357.0957,14357.0957
"Condition","agegrps","Cancer","Under 5",141820.493475,127368.059166811
"Condition","agegrps","Cataract","Under 5",10577.487081,10577.487081
"Condition","agegrps","CNS infection","Under 5",64578.269105,51713.7310863743
"Condition","agegrps","Complications of pregnancy and birth","Under 5",108158.329748,100871.975170589
"Condition","agegrps","Complications of surgery or device","Under 5",117949.063824,58224.5087813748
"Condition","agegrps","Congenital anomalies","Under 5",2924254.89417,1108080.161352
"Condition","agegrps","COPD, asthma","Under 5",13299712.978219,1288500.19973173
"Condition","agegrps","Disorders of mouth and esophagus","Under 5",113607.883108,52887.5288043622
"Condition","agegrps","Disorders of teeth and jaws","Under 5",344178.992098,110133.006330357
"Condition","agegrps","Disorders of the upper GI","Under 5",424637.360636,193332.686111526
"Condition","agegrps","Epilepsy and convulsions","Under 5",440440.349988,162948.454825762
"Condition","agegrps","Female genital disorders, and contraception","Under 5",74736.104609,43720.064740423
"Condition","agegrps","Gallbladder, pancreatic, and liver disease","Under 5",823582.195199,241526.329153875
"Condition","agegrps","Heart disease","Under 5",984835.878312,585946.237088751
"Condition","agegrps","Hemorrhagic, coagulation, and disorders of White Blood cells","Under 5",311119.182364,134398.761424807
"Condition","agegrps","Hereditary, degenerative and other nervous system disorders","Under 5",3993.401545,3993.401545
"Condition","agegrps","Hernias","Under 5",142188.4378,76026.8400792119
"Condition","agegrps","Hypertension","Under 5",6940.230518,6940.230518
"Condition","agegrps","Infectious diseases","Under 5",4238613.255903,500268.784488894
"Condition","agegrps","Influenza","Under 5",1623318.843608,354539.324858309
"Condition","agegrps","Intestinal infection","Under 5",2159785.610265,318582.396423856
"Condition","agegrps","Kidney Disease","Under 5",426339.306487,197660.279917781
"Condition","agegrps","Male genital disorders","Under 5",80367.382784,54941.0999077823
"Condition","agegrps","Mental disorders","Under 5",4394671.962489,2248407.51564642
"Condition","agegrps","Non-malignant breast disease","Under 5",5968.562764,5968.562764
"Condition","agegrps","Normal birth/live born","Under 5",197558.727428,88772.1383449861
"Condition","agegrps","Osteoarthritis and other non-traumatic joint disorders","Under 5",447906.416043,294888.9261733
"Condition","agegrps","Other bone and musculoskeletal disease","Under 5",86210.350517,47320.1671034319
"Condition","agegrps","Other care and screening","Under 5",1353126.524408,267847.041596366
"Condition","agegrps","Other circulatory conditions arteries, veins, and lymphatics","Under 5",9251.191939,9251.191939
"Condition","agegrps","Other CNS disorders","Under 5",2314693.028044,1007265.62584543
"Condition","agegrps","Other endocrine, nutritional & immune disorder","Under 5",1897899.158601,1298388.50521976
"Condition","agegrps","Other eye disorders","Under 5",2341525.580835,373208.976366984
"Condition","agegrps","Other GI","Under 5",845998.090053,181885.32394986
"Condition","agegrps","Other stomach and intestinal disorders","Under 5",9520.039121,9520.039121
"Condition","agegrps","Other urinary","Under 5",29327.490338,19778.127850596
"Condition","agegrps","Otitis media","Under 5",21895365.464482,2826538.02128406
"Condition","agegrps","Paralysis","Under 5",86541.144326,86541.144326
"Condition","agegrps","Perinatal Conditions","Under 5",371623.873182,163927.692573106
"Condition","agegrps","Pneumonia","Under 5",1628085.531766,331117.269338943
"Condition","agegrps","Poisoning by medical and non-medical substances","Under 5",264727.189353,106940.784639194
"Condition","agegrps","Residual Codes","Under 5",424860.719354,119591.60552577
"Condition","agegrps","Skin disorders","Under 5",1810584.570795,349883.891108881
"Condition","agegrps","Symptoms","Under 5",2111851.585225,340306.980714822
"Condition","agegrps","Systemic lupus and connective tissues disorders","Under 5",105136.856661,68685.5872071845
"Condition","agegrps","Thyroid disease","Under 5",249796.865427,221630.942462229
"Condition","agegrps","Tonsillitis","Under 5",554167.959256,187772.60073753
"Condition","agegrps","Trauma-related disorders","Under 5",3508515.736238,513758.053677521
"Condition","agegrps","Urinary tract infections","Under 5",888636.865066,278250.111940088
"Condition","agegrps","Acute Bronchitis and URI","5-17",23353986.106779,1965528.12436752
"Condition","agegrps","Allergic reactions","5-17",2775952.29569,563167.098883055
"Condition","agegrps","Anemia and other deficiencies","5-17",153496.002818,67283.5085810567
"Condition","agegrps","Appendicitis","5-17",346736.425521,134831.120377772
"Condition","agegrps","Back problems","5-17",2688019.72156,1453983.6131725
"Condition","agegrps","Cancer","5-17",446761.126336,217171.31263134
"Condition","agegrps","Cataract","5-17",30793.520471,21908.9607395089
"Condition","agegrps","Cerebrovascular disease","5-17",14264.827585,12469.5728698252
"Condition","agegrps","CNS infection","5-17",254139.320097,222759.582891233
"Condition","agegrps","Complications of surgery or device","5-17",122596.638153,51881.1314108811
"Condition","agegrps","Congenital anomalies","5-17",3512131.639111,2495595.40194309
"Condition","agegrps","COPD, asthma","5-17",33240052.029925,2985030.06433854
"Condition","agegrps","Diabetes mellitus","5-17",385568.207947,189318.279242513
"Condition","agegrps","Disorders of mouth and esophagus","5-17",112983.893175,56940.3656452222
"Condition","agegrps","Disorders of teeth and jaws","5-17",1378268.698746,287574.30059216
"Condition","agegrps","Disorders of the upper GI","5-17",1435616.612146,272532.362419759
"Condition","agegrps","Epilepsy and convulsions","5-17",2430505.798374,948811.01981331
"Condition","agegrps","Female genital disorders, and contraception","5-17",1060738.294112,236180.413724654
"Condition","agegrps","Gallbladder, pancreatic, and liver disease","5-17",55395.847699,33302.939994019
"Condition","agegrps","Glaucoma","5-17",65292.527323,46174.4085068904
"Condition","agegrps","Headache","5-17",1022487.35679,237045.500961885
"Condition","agegrps","Heart disease","5-17",796876.908729,313247.204571684
"Condition","agegrps","Hemorrhagic, coagulation, and disorders of White Blood cells","5-17",146052.636354,75707.1349851442
"Condition","agegrps","Hereditary, degenerative and other nervous system disorders","5-17",61565.707348,37365.0310572446
"Condition","agegrps","Hernias","5-17",189885.971964,83996.0435071002
"Condition","agegrps","Hyperlipidemia","5-17",35624.690643,21199.1438178083
"Condition","agegrps","Hypertension","5-17",65941.76855,46949.651224486
"Condition","agegrps","Infectious diseases","5-17",7028258.073373,646379.519437514
"Condition","agegrps","Influenza","5-17",2630695.266928,373979.402614577
"Condition","agegrps","Intestinal infection","5-17",3729822.426964,366998.468036033
"Condition","agegrps","Kidney Disease","5-17",402343.411093,253663.81924013
"Condition","agegrps","Male genital disorders","5-17",199642.300631,129111.585030933
"Condition","agegrps","Mental disorders","5-17",29799958.55605,3510369.45837011
"Condition","agegrps","Non-malignant breast disease","5-17",79657.700767,43395.8715154393
"Condition","agegrps","Non-malignant neoplasm","5-17",386871.872561,112718.403583949
"Condition","agegrps","Normal birth/live born","5-17",844002.322169,353249.494525294
"Condition","agegrps","Osteoarthritis and other non-traumatic joint disorders","5-17",2832465.701677,1423268.87618126
"Condition","agegrps","Other bone and musculoskeletal disease","5-17",1446493.127827,389514.149226665
"Condition","agegrps","Other care and screening","5-17",7613746.164088,2006990.20525374
"Condition","agegrps","Other circulatory conditions arteries, veins, and lymphatics","5-17",167908.77242,68169.3720058164
"Condition","agegrps","Other CNS disorders","5-17",6655667.7368,1929690.66846465
"Condition","agegrps","Other endocrine, nutritional & immune disorder","5-17",1387267.801638,410391.355830422
"Condition","agegrps","Other eye disorders","5-17",4855863.456165,496917.907443379
"Condition","agegrps","Other GI","5-17",928135.346861,307335.352576764
"Condition","agegrps","Other stomach and intestinal disorders","5-17",75171.881251,44927.3104229614
"Condition","agegrps","Other urinary","5-17",670250.341744,171807.758687955
"Condition","agegrps","Otitis media","5-17",12159979.429242,1182101.19848323
"Condition","agegrps","Paralysis","5-17",571077.029432,237996.313771886
"Condition","agegrps","Perinatal Conditions","5-17",3816.937622,3816.937622
"Condition","agegrps","Pneumonia","5-17",1891301.624359,420556.860059378
"Condition","agegrps","Poisoning by medical and non-medical substances","5-17",533241.944364,212217.480274818
"Condition","agegrps","Residual Codes","5-17",1809859.884919,941711.738470264
"Condition","agegrps","Skin disorders","5-17",9620584.128106,1266463.5727159
"Condition","agegrps","Symptoms","5-17",1537702.447374,224079.110012738
"Condition","agegrps","Systemic lupus and connective tissues disorders","5-17",5171860.846807,3926217.72276439
"Condition","agegrps","Thyroid disease","5-17",614056.593249,225890.475132252
"Condition","agegrps","Tonsillitis","5-17",2066218.040718,413583.796122954
"Condition","agegrps","Trauma-related disorders","5-17",18714017.588255,1585344.6351985
"Condition","agegrps","Urinary tract infections","5-17",1327186.52783,274894.616097098
"Condition","agegrps","Acute Bronchitis and URI","18-44",29308443.762629,1678993.52489224
"Condition","agegrps","Allergic reactions","18-44",8536494.216723,3267816.02901197
"Condition","agegrps","Anemia and other deficiencies","18-44",1336243.016544,340085.369980451
"Condition","agegrps","Appendicitis","18-44",124543.197872,71157.8381171373
"Condition","agegrps","Back problems","18-44",39290597.683087,4320374.70450533
"Condition","agegrps","Cancer","18-44",11389850.756351,2590303.12928222
"Condition","agegrps","Cataract","18-44",353707.971768,187817.019889766
"Condition","agegrps","Cerebrovascular disease","18-44",282107.981705,178094.787453471
"Condition","agegrps","CNS infection","18-44",71355.121935,45020.0388164097
"Condition","agegrps","Complications of pregnancy and birth","18-44",2719544.748845,597298.088307529
"Condition","agegrps","Complications of surgery or device","18-44",731085.350041,169254.248570775
"Condition","agegrps","Congenital anomalies","18-44",1481791.382787,502891.065551772
"Condition","agegrps","COPD, asthma","18-44",56465328.841082,4608136.13237236
"Condition","agegrps","Diabetes mellitus","18-44",11551532.868932,1857253.6969077
"Condition","agegrps","Disorders of mouth and esophagus","18-44",704298.032075,171728.686443532
"Condition","agegrps","Disorders of teeth and jaws","18-44",4974557.755056,424827.956921544
"Condition","agegrps","Disorders of the upper GI","18-44",8616696.437467,823697.532983592
"Condition","agegrps","Epilepsy and convulsions","18-44",4736378.134108,852047.535238048
"Condition","agegrps","Female genital disorders, and contraception","18-44",19817384.564459,1353694.5903288
"Condition","agegrps","Gallbladder, pancreatic, and liver disease","18-44",1936250.152763,409154.428717286
"Condition","agegrps","Glaucoma","18-44",823425.090362,192861.660615221
"Condition","agegrps","Headache","18-44",11690688.76637,1247439.96347405
"Condition","agegrps","Heart disease","18-44",7143624.804102,760194.808889086
"Condition","agegrps","Hemorrhagic, coagulation, and disorders of White Blood cells","18-44",486568.573611,205695.992419631
"Condition","agegrps","Hereditary, degenerative and other nervous system disorders","18-44",1047768.820063,404486.129287356
"Condition","agegrps","Hernias","18-44",1496011.761931,353529.233903233
"Condition","agegrps","Hyperlipidemia","18-44",3432811.397934,560969.268626199
"Condition","agegrps","Hypertension","18-44",16986312.56607,1533806.23227462
"Condition","agegrps","Infectious diseases","18-44",15599618.722928,1644836.05163597
"Condition","agegrps","Influenza","18-44",4701878.120552,514901.033124188
"Condition","agegrps","Intestinal infection","18-44",7361436.304775,684419.470825846
"Condition","agegrps","Kidney Disease","18-44",4733306.815632,1303158.93359641
"Condition","agegrps","Male genital disorders","18-44",930123.799521,258622.998106775
"Condition","agegrps","Mental disorders","18-44",67683522.697615,6779648.7681594
"Condition","agegrps","Non-malignant breast disease","18-44",2826886.035584,458183.978420116
"Condition","agegrps","Non-malignant neoplasm","18-44",2977332.094422,400796.367982598
"Condition","agegrps","Normal birth/live born","18-44",47283890.758349,4062431.64579452
"Condition","agegrps","Osteoarthritis and other non-traumatic joint disorders","18-44",14470445.32269,2129296.37597112
"Condition","agegrps","Other bone and musculoskeletal disease","18-44",2232278.329204,595973.805568918
"Condition","agegrps","Other care and screening","18-44",11684563.824627,1943245.87964038
"Condition","agegrps","Other circulatory conditions arteries, veins, and lymphatics","18-44",2246535.583208,460367.07647729
"Condition","agegrps","Other CNS disorders","18-44",13984502.256348,1563012.26719182
"Condition","agegrps","Other endocrine, nutritional & immune disorder","18-44",6225658.701391,1501556.78425537
"Condition","agegrps","Other eye disorders","18-44",7511448.466786,764983.696299145
"Condition","agegrps","Other GI","18-44",4301240.846615,660755.766340059
"Condition","agegrps","Other stomach and intestinal disorders","18-44",2145321.496779,655712.883683711
"Condition","agegrps","Other urinary","18-44",1126680.378025,270764.686612476
"Condition","agegrps","Otitis media","18-44",6436935.236132,926484.636275691
"Condition","agegrps","Paralysis","18-44",793333.451914,357769.176180367
"Condition","agegrps","Pneumonia","18-44",3436818.593726,555140.308073661
"Condition","agegrps","Poisoning by medical and non-medical substances","18-44",984372.972199,187150.667213806
"Condition","agegrps","Residual Codes","18-44",10947427.022495,1705590.39623289
"Condition","agegrps","Skin disorders","18-44",24841308.574057,1927284.81460165
"Condition","agegrps","Symptoms","18-44",3951357.0164,506225.32657153
"Condition","agegrps","Systemic lupus and connective tissues disorders","18-44",15941805.15216,2151771.53193688
"Condition","agegrps","Thyroid disease","18-44",7101255.121172,890278.770731825
"Condition","agegrps","Tonsillitis","18-44",938904.710169,397251.235110096
"Condition","agegrps","Trauma-related disorders","18-44",76726636.021552,5678480.73465208
"Condition","agegrps","Urinary tract infections","18-44",5740331.697454,553280.65102464
"Condition","agegrps","Acute Bronchitis and URI","45-64",18135646.990196,1289288.53427558
"Condition","agegrps","Allergic reactions","45-64",3407358.093851,441073.066273918
"Condition","agegrps","Anemia and other deficiencies","45-64",1311898.170985,261522.432002596
"Condition","agegrps","Appendicitis","45-64",63297.093769,50348.5552177589
"Condition","agegrps","Back problems","45-64",38765046.061373,3317910.7142462
"Condition","agegrps","Cancer","45-64",22775832.350085,3689828.93003197
"Condition","agegrps","Cataract","45-64",2000203.7936,538491.370402104
"Condition","agegrps","Cerebrovascular disease","45-64",4399659.666894,1108696.34029321
"Condition","agegrps","CNS infection","45-64",449913.433485,245421.303034483
"Condition","agegrps","Coma, brain damage","45-64",152446.21364,152446.21364
"Condition","agegrps","Complications of pregnancy and birth","45-64",231156.98995,214097.182623041
"Condition","agegrps","Complications of surgery or device","45-64",703260.92666,148000.000375211
"Condition","agegrps","Congenital anomalies","45-64",1303547.484058,517534.546584146
"Condition","agegrps","COPD, asthma","45-64",51508475.715797,3800241.08991606
"Condition","agegrps","Diabetes mellitus","45-64",37527432.29202,2944693.67813182
"Condition","agegrps","Disorders of mouth and esophagus","45-64",484847.629107,123686.079702354
"Condition","agegrps","Disorders of teeth and jaws","45-64",2946664.424154,326834.059136914
"Condition","agegrps","Disorders of the upper GI","45-64",13256286.928337,997491.278266178
"Condition","agegrps","Epilepsy and convulsions","45-64",3060609.42934,619694.954415265
"Condition","agegrps","Female genital disorders, and contraception","45-64",16820410.574372,1304771.99618125
"Condition","agegrps","Gallbladder, pancreatic, and liver disease","45-64",4097690.152008,765019.925047267
"Condition","agegrps","Glaucoma","45-64",3484804.504688,633841.126464691
"Condition","agegrps","Headache","45-64",9306959.147912,1524206.36211774
"Condition","agegrps","Heart disease","45-64",35402498.13679,3685022.38658352
"Condition","agegrps","Hemorrhagic, coagulation, and disorders of White Blood cells","45-64",1161075.802818,386591.213004751
"Condition","agegrps","Hereditary, degenerative and other nervous system disorders","45-64",3640280.533197,923360.705561546
"Condition","agegrps","Hernias","45-64",4431244.925808,610688.769804485
"Condition","agegrps","Hyperlipidemia","45-64",17957733.234118,1304878.11356849
"Condition","agegrps","Hypertension","45-64",61071210.811414,3412078.29230059
"Condition","agegrps","Infectious diseases","45-64",12391612.869532,1744973.51514793
"Condition","agegrps","Influenza","45-64",2984706.503302,396971.201792699
"Condition","agegrps","Intestinal infection","45-64",4345785.738357,479310.3815616
"Condition","agegrps","Kidney Disease","45-64",5365649.970609,1554967.51906285
"Condition","agegrps","Male genital disorders","45-64",2740750.47178,490635.923546606
"Condition","agegrps","Mental disorders","45-64",47181466.109639,8220243.64252441
"Condition","agegrps","Non-malignant breast disease","45-64",2716405.684276,422786.30043716
"Condition","agegrps","Non-malignant neoplasm","45-64",2750686.917544,405255.886768932
"Condition","agegrps","Normal birth/live born","45-64",10386.625923,10386.625923
"Condition","agegrps","Osteoarthritis and other non-traumatic joint disorders","45-64",32180616.137506,2516015.76337084
"Condition","agegrps","Other bone and musculoskeletal disease","45-64",6578425.705814,2247768.02319364
"Condition","agegrps","Other care and screening","45-64",25361346.16289,1796957.24017631
"Condition","agegrps","Other circulatory conditions arteries, veins, and lymphatics","45-64",7295311.618332,1207052.8367865
"Condition","agegrps","Other CNS disorders","45-64",17633675.592927,1936530.50985009
"Condition","agegrps","Other endocrine, nutritional & immune disorder","45-64",12041932.252532,1075546.68365279
"Condition","agegrps","Other eye disorders","45-64",7826780.776133,807482.36893516
"Condition","agegrps","Other GI","45-64",6562430.603644,721275.187719284
"Condition","agegrps","Other stomach and intestinal disorders","45-64",3102917.100775,669668.342536357
"Condition","agegrps","Other urinary","45-64",2769949.860686,512375.016361385
"Condition","agegrps","Otitis media","45-64",3396783.49767,535396.474019648
"Condition","agegrps","Paralysis","45-64",141185.441021,105621.428012206
"Condition","agegrps","Pneumonia","45-64",3368124.264796,525556.396256471
"Condition","agegrps","Poisoning by medical and non-medical substances","45-64",1495473.003137,521098.203827341
"Condition","agegrps","Residual Codes","45-64",17649963.922855,1573039.35620397
"Condition","agegrps","Skin disorders","45-64",16472982.168147,1826347.4713398
"Condition","agegrps","Symptoms","45-64",3428597.154149,622025.196688858
"Condition","agegrps","Systemic lupus and connective tissues disorders","45-64",23710920.500333,2407127.46609903
"Condition","agegrps","Thyroid disease","45-64",15018657.03671,1136544.75487699
"Condition","agegrps","Tonsillitis","45-64",179552.298025,119074.406820043
"Condition","agegrps","Trauma-related disorders","45-64",46156976.884371,3941528.47991062
"Condition","agegrps","Urinary tract infections","45-64",5055643.912979,591071.912169077
"Condition","agegrps","Acute Bronchitis and URI","65+",8517435.461555,906080.284346064
"Condition","agegrps","Allergic reactions","65+",1951655.786029,424954.946358715
"Condition","agegrps","Anemia and other deficiencies","65+",3546561.790911,796735.10236831
"Condition","agegrps","Back problems","65+",18228781.542366,2268990.69216803
"Condition","agegrps","Cancer","65+",34005865.601046,3839426.28393771
"Condition","agegrps","Cataract","65+",12367379.488979,1453063.56203528
"Condition","agegrps","Cerebrovascular disease","65+",8520373.998789,1622386.33598985
"Condition","agegrps","CNS infection","65+",155643.583292,103165.109542904
"Condition","agegrps","Complications of surgery or device","65+",624566.216865,174025.567265921
"Condition","agegrps","Congenital anomalies","65+",654028.045355,227707.177494978
"Condition","agegrps","COPD, asthma","65+",38210720.620605,3246319.16800482
"Condition","agegrps","Diabetes mellitus","65+",47831386.58832,5066989.53058037
"Condition","agegrps","Disorders of mouth and esophagus","65+",1023610.675557,412029.814773845
"Condition","agegrps","Disorders of teeth and jaws","65+",1579979.830816,253377.911801312
"Condition","agegrps","Disorders of the upper GI","65+",8529889.084155,748161.119635903
"Condition","agegrps","Epilepsy and convulsions","65+",1693208.743367,443027.016189666
"Condition","agegrps","Female genital disorders, and contraception","65+",4815874.302559,610455.141732018
"Condition","agegrps","Gallbladder, pancreatic, and liver disease","65+",3174949.852405,777387.389243707
"Condition","agegrps","Glaucoma","65+",10027183.33323,1120173.53555704
"Condition","agegrps","Headache","65+",1126102.262107,255351.21848233
"Condition","agegrps","Heart disease","65+",75095332.985181,6380865.1427192
"Condition","agegrps","Hemorrhagic, coagulation, and disorders of White Blood cells","65+",2168166.778883,631612.996890136
"Condition","agegrps","Hereditary, degenerative and other nervous system disorders","65+",3719175.901704,794663.492710861
"Condition","agegrps","Hernias","65+",3940033.990288,564040.294248921
"Condition","agegrps","Hyperlipidemia","65+",18526671.263479,1465494.59168142
"Condition","agegrps","Hypertension","65+",74782394.92743,4791126.23233685
"Condition","agegrps","Infectious diseases","65+",6466358.685675,939922.092611518
"Condition","agegrps","Influenza","65+",1374138.000159,283577.951374333
"Condition","agegrps","Intestinal infection","65+",1588658.586816,214218.204514709
"Condition","agegrps","Kidney Disease","65+",11444859.684023,3217011.95671681
"Condition","agegrps","Male genital disorders","65+",4951821.493338,692493.133664646
"Condition","agegrps","Mental disorders","65+",29404828.877741,6043499.43745846
"Condition","agegrps","Non-malignant breast disease","65+",1041111.163587,272292.451128269
"Condition","agegrps","Non-malignant neoplasm","65+",1989338.882366,374300.771821462
"Condition","agegrps","Osteoarthritis and other non-traumatic joint disorders","65+",43689263.009839,3728273.00091273
"Condition","agegrps","Other bone and musculoskeletal disease","65+",10953188.757478,2007636.06446589
"Condition","agegrps","Other care and screening","65+",26449005.681731,2334751.37340218
"Condition","agegrps","Other circulatory conditions arteries, veins, and lymphatics","65+",13067421.79352,1464441.09681692
"Condition","agegrps","Other CNS disorders","65+",12782601.37016,1402775.45462755
"Condition","agegrps","Other endocrine, nutritional & immune disorder","65+",16190626.01048,1347941.05690976
"Condition","agegrps","Other eye disorders","65+",10350793.261967,988692.563515975
"Condition","agegrps","Other GI","65+",8683441.96334,953965.664075769
"Condition","agegrps","Other stomach and intestinal disorders","65+",2001168.063533,450122.699100619
"Condition","agegrps","Other urinary","65+",5652442.036603,784934.08852933
"Condition","agegrps","Otitis media","65+",1203832.3912,310351.794411007
"Condition","agegrps","Paralysis","65+",321634.30095,161444.286737951
"Condition","agegrps","Pneumonia","65+",4157058.234598,572324.314380351
"Condition","agegrps","Poisoning by medical and non-medical substances","65+",505862.915249,119874.557345712
"Condition","agegrps","Residual Codes","65+",19651989.189263,1619898.17813643
"Condition","agegrps","Skin disorders","65+",14498073.107807,1447380.24841757
"Condition","agegrps","Symptoms","65+",3442396.460269,724960.748177606
"Condition","agegrps","Systemic lupus and connective tissues disorders","65+",14157330.979382,1508625.54450986
"Condition","agegrps","Thyroid disease","65+",14767345.383304,1263265.55912352
"Condition","agegrps","Tonsillitis","65+",221963.056835,221963.056835
"Condition","agegrps","Trauma-related disorders","65+",25133663.695274,2865499.96801105
"Condition","agegrps","Urinary tract infections","65+",5040932.76429,694864.480282446
"Condition","region","Acute Bronchitis and URI","Northeast",17997605.853797,1913719.21428777
"Condition","region","Allergic reactions","Northeast",3405692.588299,634358.921780619
"Condition","region","Anemia and other deficiencies","Northeast",1121264.818857,319143.6033234
"Condition","region","Appendicitis","Northeast",159108.504666,78158.478411288
"Condition","region","Back problems","Northeast",26884481.388167,3990174.02574798
"Condition","region","Cancer","Northeast",11717868.915919,2161038.81203685
"Condition","region","Cataract","Northeast",3861428.367745,964132.501898073
"Condition","region","Cerebrovascular disease","Northeast",1411138.11715,320675.228953328
"Condition","region","CNS infection","Northeast",83916.170445,55785.2539330509
"Condition","region","Complications of pregnancy and birth","Northeast",135538.385041,53863.1033385824
"Condition","region","Complications of surgery or device","Northeast",482709.676207,129969.206517725
"Condition","region","Congenital anomalies","Northeast",4386771.926355,2628929.14243798
"Condition","region","COPD, asthma","Northeast",37944970.72486,3214339.09192534
"Condition","region","Diabetes mellitus","Northeast",16734864.959321,2484831.78111029
"Condition","region","Disorders of mouth and esophagus","Northeast",326576.266533,115646.597552383
"Condition","region","Disorders of teeth and jaws","Northeast",1704009.7411,260102.21681613
"Condition","region","Disorders of the upper GI","Northeast",5086979.022783,609920.916370612
"Condition","region","Epilepsy and convulsions","Northeast",2871438.853197,970347.908779429
"Condition","region","Female genital disorders, and contraception","Northeast",8611091.84433,1184243.16781307
"Condition","region","Gallbladder, pancreatic, and liver disease","Northeast",2308431.769581,647372.540338562
"Condition","region","Glaucoma","Northeast",2690095.440682,591698.434609757
"Condition","region","Headache","Northeast",3436178.898122,540598.815915859
"Condition","region","Heart disease","Northeast",26715379.026195,4226150.12016526
"Condition","region","Hemorrhagic, coagulation, and disorders of White Blood cells","Northeast",1523868.365753,581224.201716591
"Condition","region","Hereditary, degenerative and other nervous system disorders","Northeast",1127955.56139,427112.251347495
"Condition","region","Hernias","Northeast",2204588.827991,407531.046379465
"Condition","region","Hyperlipidemia","Northeast",8578408.127967,1002434.9647334
"Condition","region","Hypertension","Northeast",35023191.842715,3874276.02950068
"Condition","region","Infectious diseases","Northeast",8345409.91465,1396497.9162225
"Condition","region","Influenza","Northeast",1942022.366996,398128.085740075
"Condition","region","Intestinal infection","Northeast",2826655.181504,353967.196284826
"Condition","region","Kidney Disease","Northeast",5329428.865004,1751646.29408918
"Condition","region","Male genital disorders","Northeast",2045715.586331,534530.245301933
"Condition","region","Mental disorders","Northeast",37496876.567126,5575377.99126383
"Condition","region","Non-malignant breast disease","Northeast",1179768.641132,240107.755277693
"Condition","region","Non-malignant neoplasm","Northeast",1358795.422148,295062.011727093
"Condition","region","Normal birth/live born","Northeast",5291947.401842,786555.250967337
"Condition","region","Osteoarthritis and other non-traumatic joint disorders","Northeast",19817606.31789,3196153.73978533
"Condition","region","Other bone and musculoskeletal disease","Northeast",3838509.106169,849917.538727489
"Condition","region","Other care and screening","Northeast",15996638.051373,1860192.01685006
"Condition","region","Other circulatory conditions arteries, veins, and lymphatics","Northeast",5053381.558612,1164051.53647668
"Condition","region","Other CNS disorders","Northeast",11906161.524158,1961996.46186309
"Condition","region","Other endocrine, nutritional & immune disorder","Northeast",5980087.044202,767210.904572493
"Condition","region","Other eye disorders","Northeast",5802686.346258,667356.832975508
"Condition","region","Other GI","Northeast",3480308.818286,477500.87972368
"Condition","region","Other stomach and intestinal disorders","Northeast",856801.443398,348827.036503804
"Condition","region","Other urinary","Northeast",1700612.010674,318810.195144175
"Condition","region","Otitis media","Northeast",9896913.875287,1549570.43545862
"Condition","region","Paralysis","Northeast",434635.351473,242203.065960946
"Condition","region","Perinatal Conditions","Northeast",238596.894191,149397.110605532
"Condition","region","Pneumonia","Northeast",2866312.499066,463495.717662217
"Condition","region","Poisoning by medical and non-medical substances","Northeast",855776.241572,500195.933798803
"Condition","region","Residual Codes","Northeast",9130548.248838,1371214.91832203
"Condition","region","Skin disorders","Northeast",15811863.392311,1937494.48713832
"Condition","region","Symptoms","Northeast",2963006.543356,548082.093824317
"Condition","region","Systemic lupus and connective tissues disorders","Northeast",13187265.828483,4033918.25268103
"Condition","region","Thyroid disease","Northeast",7689635.540005,1006392.05955936
"Condition","region","Tonsillitis","Northeast",809329.122912,385176.739412711
"Condition","region","Trauma-related disorders","Northeast",30776768.359789,4397143.83630672
"Condition","region","Urinary tract infections","Northeast",2668082.900111,514414.605398809
"Condition","region","Acute Bronchitis and URI","Midwest",24688002.489219,1778783.36664077
"Condition","region","Allergic reactions","Midwest",4261267.219518,564910.283459372
"Condition","region","Anemia and other deficiencies","Midwest",1793050.864416,416370.665835043
"Condition","region","Appendicitis","Midwest",50992.838933,36272.5657768158
"Condition","region","Back problems","Midwest",20835977.55708,2779586.99143285
"Condition","region","Cancer","Midwest",16740257.622194,3218316.89511491
"Condition","region","Cataract","Midwest",2567759.395265,503440.104678917
"Condition","region","Cerebrovascular disease","Midwest",2850281.446403,956273.050472893
"Condition","region","CNS infection","Midwest",443387.810468,264875.260424241
"Condition","region","Coma, brain damage","Midwest",152446.21364,152446.21364
"Condition","region","Complications of pregnancy and birth","Midwest",513941.453762,184078.11252421
"Condition","region","Complications of surgery or device","Midwest",281949.969232,85432.8479117017
"Condition","region","Congenital anomalies","Midwest",1414519.626103,354802.684947598
"Condition","region","COPD, asthma","Midwest",43081611.559112,3600077.74205026
"Condition","region","Diabetes mellitus","Midwest",19516958.637763,2751677.29759512
"Condition","region","Disorders of mouth and esophagus","Midwest",360310.522662,74753.1505659499
"Condition","region","Disorders of teeth and jaws","Midwest",2792299.60138,431933.147736176
"Condition","region","Disorders of the upper GI","Midwest",7852810.839386,734731.197585479
"Condition","region","Epilepsy and convulsions","Midwest",3185567.560281,721178.314392789
"Condition","region","Female genital disorders, and contraception","Midwest",11084177.309331,902366.599478566
"Condition","region","Gallbladder, pancreatic, and liver disease","Midwest",2041662.155573,378259.566090309
"Condition","region","Glaucoma","Midwest",3517592.807853,656869.17513048
"Condition","region","Headache","Midwest",6050966.525474,1521358.16978587
"Condition","region","Heart disease","Midwest",26962267.45595,3393894.0256927
"Condition","region","Hemorrhagic, coagulation, and disorders of White Blood cells","Midwest",1312746.29702,452446.190817987
"Condition","region","Hereditary, degenerative and other nervous system disorders","Midwest",2131559.006807,672062.894228354
"Condition","region","Hernias","Midwest",2134589.976317,449999.834857471
"Condition","region","Hyperlipidemia","Midwest",10242611.984639,953009.382063247
"Condition","region","Hypertension","Midwest",31877262.758213,2419274.55909914
"Condition","region","Infectious diseases","Midwest",11104460.40312,1095407.52114222
"Condition","region","Influenza","Midwest",3401944.446805,541200.202581948
"Condition","region","Intestinal infection","Midwest",3472623.199832,426184.681655803
"Condition","region","Kidney Disease","Midwest",4213598.232521,1431520.75344341
"Condition","region","Male genital disorders","Midwest",1548146.686403,307293.618036748
"Condition","region","Mental disorders","Midwest",43591764.523783,5973418.25522822
"Condition","region","Non-malignant breast disease","Midwest",1422909.554332,285498.934943923
"Condition","region","Non-malignant neoplasm","Midwest",2099308.203683,368569.946463868
"Condition","region","Normal birth/live born","Midwest",11943056.794348,1659133.75567094
"Condition","region","Osteoarthritis and other non-traumatic joint disorders","Midwest",22836358.651418,2451118.86741556
"Condition","region","Other bone and musculoskeletal disease","Midwest",6726338.62432,2251810.37538932
"Condition","region","Other care and screening","Midwest",14245848.263855,1697412.25397545
"Condition","region","Other circulatory conditions arteries, veins, and lymphatics","Midwest",5645198.204134,946319.718270932
"Condition","region","Other CNS disorders","Midwest",13398778.284585,1923561.70401221
"Condition","region","Other endocrine, nutritional & immune disorder","Midwest",8726852.189752,976781.959086474
"Condition","region","Other eye disorders","Midwest",7836422.202114,958674.833139131
"Condition","region","Other GI","Midwest",5089606.751682,722321.683787946
"Condition","region","Other stomach and intestinal disorders","Midwest",2225847.185431,628912.859063853
"Condition","region","Other urinary","Midwest",2393565.123567,424248.667874477
"Condition","region","Otitis media","Midwest",10268204.935661,1463896.84941157
"Condition","region","Paralysis","Midwest",712034.470086,313994.420773801
"Condition","region","Perinatal Conditions","Midwest",30283.47476,30283.47476
"Condition","region","Pneumonia","Midwest",3617754.176012,510972.781543627
"Condition","region","Poisoning by medical and non-medical substances","Midwest",868473.113867,184770.152029968
"Condition","region","Residual Codes","Midwest",11061116.987337,1138359.36121687
"Condition","region","Skin disorders","Midwest",16339496.193598,1730407.44461395
"Condition","region","Symptoms","Midwest",2788147.170108,419134.656208356
"Condition","region","Systemic lupus and connective tissues disorders","Midwest",14174244.114901,1714328.6715942
"Condition","region","Thyroid disease","Midwest",10154830.088521,1373173.4343069
"Condition","region","Tonsillitis","Midwest",1226475.193788,367650.428565521
"Condition","region","Trauma-related disorders","Midwest",38085214.528598,3807236.92409338
"Condition","region","Urinary tract infections","Midwest",3731275.269429,559816.448208609
"Condition","region","Acute Bronchitis and URI","South",36698276.316062,2685328.93049918
"Condition","region","Allergic reactions","South",4946286.484264,718607.667195447
"Condition","region","Anemia and other deficiencies","South",2220634.449546,598725.657016461
"Condition","region","Appendicitis","South",263720.311542,128157.843881574
"Condition","region","Back problems","South",28343307.258593,2668440.29705335
"Condition","region","Cancer","South",24595869.964665,3775430.18521406
"Condition","region","Cataract","South",4637793.8565,924042.85435615
"Condition","region","Cerebrovascular disease","South",5838420.813812,1487166.37705602
"Condition","region","CNS infection","South",287242.155946,135757.839078586
"Condition","region","Complications of pregnancy and birth","South",1364311.67688,481800.102763792
"Condition","region","Complications of surgery or device","South",772088.931528,192436.822122476
"Condition","region","Congenital anomalies","South",2491946.535342,681677.52634418
"Condition","region","COPD, asthma","South",69961517.569948,5384808.77202814
"Condition","region","Diabetes mellitus","South",38030794.481672,2915285.1679847
"Condition","region","Disorders of mouth and esophagus","South",1378339.85367,435231.457014294
"Condition","region","Disorders of teeth and jaws","South",4028754.786063,390380.005314584
"Condition","region","Disorders of the upper GI","South",13164195.980464,1086067.13371931
"Condition","region","Epilepsy and convulsions","South",4351900.655925,743385.305418964
"Condition","region","Female genital disorders, and contraception","South",12970145.061165,930903.207317729
"Condition","region","Gallbladder, pancreatic, and liver disease","South",4274300.849148,854970.797091085
"Condition","region","Glaucoma","South",6004344.953737,925181.475954701
"Condition","region","Headache","South",8021409.815686,1057690.69515606
"Condition","region","Heart disease","South",45729151.002169,4466001.58153407
"Condition","region","Hemorrhagic, coagulation, and disorders of White Blood cells","South",812391.642704,236727.00165087
"Condition","region","Hereditary, degenerative and other nervous system disorders","South",3779607.106063,812407.415114209
"Condition","region","Hernias","South",4086352.440892,620738.477792504
"Condition","region","Hyperlipidemia","South",14596663.833487,1285452.61895702
"Condition","region","Hypertension","South",61042344.788194,4249289.37962727
"Condition","region","Infectious diseases","South",17212449.548759,1656571.11758121
"Condition","region","Influenza","South",3834770.370494,556291.529147469
"Condition","region","Intestinal infection","South",8542110.461966,712212.264477868
"Condition","region","Kidney Disease","South",8049734.196948,1808761.25431532
"Condition","region","Male genital disorders","South",3806866.855082,648580.184142632
"Condition","region","Mental disorders","South",61835433.268516,10155860.1753892
"Condition","region","Non-malignant breast disease","South",2323347.694405,417690.977991744
"Condition","region","Non-malignant neoplasm","South",3252852.184431,446276.681357622
"Condition","region","Normal birth/live born","South",19090184.969476,2391567.27045909
"Condition","region","Osteoarthritis and other non-traumatic joint disorders","South",30252566.625126,2498039.96255475
"Condition","region","Other bone and musculoskeletal disease","South",7533634.26522,1855198.39742646
"Condition","region","Other care and screening","South",26504008.079636,3069536.30297412
"Condition","region","Other circulatory conditions arteries, veins, and lymphatics","South",9025428.880492,1247583.06538074
"Condition","region","Other CNS disorders","South",18711339.23186,2031204.9658057
"Condition","region","Other endocrine, nutritional & immune disorder","South",15711288.347665,1801563.3797031
"Condition","region","Other eye disorders","South",10823396.430382,828638.306682638
"Condition","region","Other GI","South",7751299.100394,961357.004803436
"Condition","region","Other stomach and intestinal disorders","South",3104897.387688,775743.712366733
"Condition","region","Other urinary","South",4302367.833502,783489.325295631
"Condition","region","Otitis media","South",15115314.677163,1962783.50227806
"Condition","region","Paralysis","South",296695.612521,167246.750097974
"Condition","region","Perinatal Conditions","South",105302.691329,60404.3869925969
"Condition","region","Pneumonia","South",5053527.373777,649818.070127219
"Condition","region","Poisoning by medical and non-medical substances","South",1185600.038158,249448.594140676
"Condition","region","Residual Codes","South",22566286.654966,2494432.34207546
"Condition","region","Skin disorders","South",20851240.54037,1639827.19381908
"Condition","region","Symptoms","South",5336892.598185,889328.645674292
"Condition","region","Systemic lupus and connective tissues disorders","South",18446545.678501,1972891.16672436
"Condition","region","Thyroid disease","South",12333348.122773,1006733.44327394
"Condition","region","Tonsillitis","South",1452291.594703,371601.34883037
"Condition","region","Trauma-related disorders","South",57111754.970536,4982828.68002704
"Condition","region","Urinary tract infections","South",7233302.26697,774029.191623106
"Condition","region","Acute Bronchitis and URI","West",16586028.75495,1976683.89084396
"Condition","region","Allergic reactions","West",5984235.801543,3212565.35362852
"Condition","region","Anemia and other deficiencies","West",1488491.737539,408044.486067906
"Condition","region","Appendicitis","West",60755.062021,43957.9631780858
"Condition","region","Back problems","West",22923035.900246,4116422.1192762
"Condition","region","Cancer","West",15706133.824515,3251986.19300959
"Condition","region","Cataract","West",3695680.642389,775283.523023382
"Condition","region","Cerebrovascular disease","West",3116566.097608,810296.511736769
"Condition","region","CNS infection","West",181083.591055,137112.845741476
"Condition","region","Complications of pregnancy and birth","West",1045068.55286,382868.104277553
"Condition","region","Complications of surgery or device","West",762709.618576,235960.056778565
"Condition","region","Congenital anomalies","West",1582515.357681,559749.143937338
"Condition","region","COPD, asthma","West",41736190.331708,5124699.38826322
"Condition","region","Diabetes mellitus","West",23013301.878463,5152842.47866132
"Condition","region","Disorders of mouth and esophagus","West",374121.470157,131897.022710429
"Condition","region","Disorders of teeth and jaws","West",2698585.572327,341312.243808161
"Condition","region","Disorders of the upper GI","West",6159140.580108,726911.910104889
"Condition","region","Epilepsy and convulsions","West",1952235.385774,621475.938869501
"Condition","region","Female genital disorders, and contraception","West",9923729.625285,1400814.25287548
"Condition","region","Gallbladder, pancreatic, and liver disease","West",1463473.425772,420787.815364603
"Condition","region","Glaucoma","West",2188672.253331,548957.609429251
"Condition","region","Headache","West",5637682.293897,806969.997712145
"Condition","region","Heart disease","West",20016371.2288,2764958.14926322
"Condition","region","Hemorrhagic, coagulation, and disorders of White Blood cells","West",623976.668553,300323.631077245
"Condition","region","Hereditary, degenerative and other nervous system disorders","West",1433662.689597,397882.872256443
"Condition","region","Hernias","West",1773833.842591,320214.608460957
"Condition","region","Hyperlipidemia","West",6535156.640081,947685.684948988
"Condition","region","Hypertension","West",24970000.91486,2614787.50345562
"Condition","region","Infectious diseases","West",9062141.740882,1356359.73353273
"Condition","region","Influenza","West",4135999.550254,509937.624680125
"Condition","region","Intestinal infection","West",4344099.823875,554362.547432221
"Condition","region","Kidney Disease","West",4779737.893371,2238563.34048107
"Condition","region","Male genital disorders","West",1501976.320238,377769.890599869
"Condition","region","Mental disorders","West",35540373.844109,6298363.873736
"Condition","region","Non-malignant breast disease","West",1744003.257109,391678.325468917
"Condition","region","Non-malignant neoplasm","West",1393273.956631,287698.989907857
"Condition","region","Normal birth/live born","West",12010649.268203,2890190.42899385
"Condition","region","Osteoarthritis and other non-traumatic joint disorders","West",20714164.993321,2686210.72355927
"Condition","region","Other bone and musculoskeletal disease","West",3198114.275131,551434.741691403
"Condition","region","Other care and screening","West",15715293.96288,2645036.47823969
"Condition","region","Other circulatory conditions arteries, veins, and lymphatics","West",3062420.316181,666683.969466223
"Condition","region","Other CNS disorders","West",9354860.943676,1205639.04363148
"Condition","region","Other endocrine, nutritional & immune disorder","West",7325156.343023,1730440.60576682
"Condition","region","Other eye disorders","West",8423906.563132,1378127.98005261
"Condition","region","Other GI","West",5000032.180151,740225.829970246
"Condition","region","Other stomach and intestinal disorders","West",1146552.564942,366732.719273894
"Condition","region","Other urinary","West",1852105.139653,323822.711878298
"Condition","region","Otitis media","West",9812462.530615,2417081.74133244
"Condition","region","Paralysis","West",470405.933563,198346.319010987
"Condition","region","Perinatal Conditions","West",1257.750524,1257.750524
"Condition","region","Pneumonia","West",2943794.20039,552484.029416257
"Condition","region","Poisoning by medical and non-medical substances","West",873828.630705,277171.954711976
"Condition","region","Residual Codes","West",7726148.847745,1342040.87021619
"Condition","region","Skin disorders","West",14240932.422633,1235503.15296581
"Condition","region","Symptoms","West",3383858.351768,453216.529344127
"Condition","region","Systemic lupus and connective tissues disorders","West",13278998.713458,2055700.34948018
"Condition","region","Thyroid disease","West",7573297.248563,896789.444577133
"Condition","region","Tonsillitis","West",472710.1536,237852.171940781
"Condition","region","Trauma-related disorders","West",44266072.066767,5389507.83880223
"Condition","region","Urinary tract infections","West",4420071.331109,513957.903879775
"Condition","married","Acute Bronchitis and URI","Married",35759432.641838,2244254.23354078
"Condition","married","Allergic reactions","Married",6246710.652015,723811.98285187
"Condition","married","Anemia and other deficiencies","Married",3212363.22015,618716.096536862
"Condition","married","Appendicitis","Married",156475.616298,82394.3914830872
"Condition","married","Back problems","Married",61102725.738788,4642985.63299051
"Condition","married","Cancer","Married",42354336.351279,5155271.7093463
"Condition","married","Cataract","Married",7387038.565656,1208880.55911225
"Condition","married","Cerebrovascular disease","Married",8782060.053063,1814728.79827207
"Condition","married","CNS infection","Married",505921.95659,251266.080263973
"Condition","married","Complications of pregnancy and birth","Married",1975164.463951,514105.607305512
"Condition","married","Complications of surgery or device","Married",1350452.815525,253446.448432536
"Condition","married","Congenital anomalies","Married",2403691.465945,622705.66157359
"Condition","married","COPD, asthma","Married",83044410.456505,4931380.34574734
"Condition","married","Diabetes mellitus","Married",49301609.488403,3978879.20054868
"Condition","married","Disorders of mouth and esophagus","Married",1542646.887462,431167.810568318
"Condition","married","Disorders of teeth and jaws","Married",5276186.512911,421609.945721234
"Condition","married","Disorders of the upper GI","Married",18598869.641358,1168422.58559698
"Condition","married","Epilepsy and convulsions","Married",3214649.388486,561611.256667118
"Condition","married","Female genital disorders, and contraception","Married",24851487.30459,1628397.88707687
"Condition","married","Gallbladder, pancreatic, and liver disease","Married",5200968.590814,834529.768592937
"Condition","married","Glaucoma","Married",8703316.925968,1064081.49440807
"Condition","married","Headache","Married",12849340.885681,1334067.00007905
"Condition","married","Heart disease","Married",65149183.450475,4706117.79156777
"Condition","married","Hemorrhagic, coagulation, and disorders of White Blood cells","Married",1951480.018868,542075.959953999
"Condition","married","Hereditary, degenerative and other nervous system disorders","Married",5004705.886099,971856.341444036
"Condition","married","Hernias","Married",5962158.342769,668392.779168489
"Condition","married","Hyperlipidemia","Married",26613293.008395,1645295.79346261
"Condition","married","Hypertension","Married",86103207.63789,3873487.86148259
"Condition","married","Infectious diseases","Married",16695968.185241,1732932.66230483
"Condition","married","Influenza","Married",5002966.719962,503162.353735449
"Condition","married","Intestinal infection","Married",7814217.258424,648109.818274257
"Condition","married","Kidney Disease","Married",15684908.352595,3008322.30684229
"Condition","married","Male genital disorders","Married",6327118.051314,781596.237737208
"Condition","married","Mental disorders","Married",56069962.660732,5241495.32891651
"Condition","married","Non-malignant breast disease","Married",4410957.149088,553690.319194939
"Condition","married","Non-malignant neoplasm","Married",5268111.702281,577051.322452398
"Condition","married","Normal birth/live born","Married",35781836.193606,3329579.79546595
"Condition","married","Osteoarthritis and other non-traumatic joint disorders","Married",48365327.161035,3388314.37086478
"Condition","married","Other bone and musculoskeletal disease","Married",7333253.540917,837992.548791075
"Condition","married","Other care and screening","Married",38627486.075865,2692272.64876546
"Condition","married","Other circulatory conditions arteries, veins, and lymphatics","Married",13175104.341649,1480320.17184287
"Condition","married","Other CNS disorders","Married",28019738.984885,2547577.11367938
"Condition","married","Other endocrine, nutritional & immune disorder","Married",19714852.480343,1525735.87485136
"Condition","married","Other eye disorders","Married",14074221.088095,1168320.0537805
"Condition","married","Other GI","Married",11849820.555054,1051445.98971235
"Condition","married","Other stomach and intestinal disorders","Married",4938472.657084,901554.410952551
"Condition","married","Other urinary","Married",4704572.32338,672429.729215373
"Condition","married","Otitis media","Married",6059772.540257,802250.112249765
"Condition","married","Paralysis","Married",374175.736416,175762.104866936
"Condition","married","Pneumonia","Married",6509101.055695,795874.269161571
"Condition","married","Poisoning by medical and non-medical substances","Married",1492521.134988,235891.777126926
"Condition","married","Residual Codes","Married",25699970.500011,2060360.22459929
"Condition","married","Skin disorders","Married",30484611.921764,1878093.9702805
"Condition","married","Symptoms","Married",6414031.240094,735346.941463055
"Condition","married","Systemic lupus and connective tissues disorders","Married",31570362.673249,2762444.59820575
"Condition","married","Thyroid disease","Married",21125814.471251,1479944.22025774
"Condition","married","Tonsillitis","Married",649691.082327,301012.12705625
"Condition","married","Trauma-related disorders","Married",79005209.323335,5676772.99445501
"Condition","married","Urinary tract infections","Married",8924748.400653,827498.461653779
"Condition","married","Acute Bronchitis and URI","Widowed",3345409.944127,476150.524898417
"Condition","married","Allergic reactions","Widowed",1157157.550394,278942.954672992
"Condition","married","Anemia and other deficiencies","Widowed",1372912.227746,481048.198345683
"Condition","married","Back problems","Widowed",6267421.046675,1243508.66436106
"Condition","married","Cancer","Widowed",11041053.848422,2562223.72296997
"Condition","married","Cataract","Widowed",5275579.086254,943894.930447029
"Condition","married","Cerebrovascular disease","Widowed",2763824.74007,624286.700291696
"Condition","married","CNS infection","Widowed",99156.206811,88022.8072988356
"Condition","married","Complications of surgery or device","Widowed",183342.499099,107800.137841598
"Condition","married","Congenital anomalies","Widowed",147314.435236,85306.7581078866
"Condition","married","COPD, asthma","Widowed",17247580.508746,1828810.97324856
"Condition","married","Diabetes mellitus","Widowed",24561937.490189,4372076.82330969
"Condition","married","Disorders of mouth and esophagus","Widowed",213118.251445,82783.9737623753
"Condition","married","Disorders of teeth and jaws","Widowed",578298.770493,158210.359453579
"Condition","married","Disorders of the upper GI","Widowed",4342844.11428,616029.330980514
"Condition","married","Epilepsy and convulsions","Widowed",497937.458943,185901.966894773
"Condition","married","Female genital disorders, and contraception","Widowed",2299989.063049,483047.488198952
"Condition","married","Gallbladder, pancreatic, and liver disease","Widowed",1678930.134999,489344.263474379
"Condition","married","Glaucoma","Widowed",3457986.52266,554636.333791852
"Condition","married","Headache","Widowed",2340716.132114,1052483.27498066
"Condition","married","Heart disease","Widowed",31603657.158177,3821515.2538116
"Condition","married","Hemorrhagic, coagulation, and disorders of White Blood cells","Widowed",1129341.336598,447367.147406609
"Condition","married","Hereditary, degenerative and other nervous system disorders","Widowed",1549854.310225,514195.225759956
"Condition","married","Hernias","Widowed",1692133.51709,439975.574259647
"Condition","married","Hyperlipidemia","Widowed",6365246.615759,701270.071022612
"Condition","married","Hypertension","Widowed",35175209.30032,3549647.04615305
"Condition","married","Infectious diseases","Widowed",2627690.511366,604715.60248314
"Condition","married","Influenza","Widowed",592832.164807,160069.10344381
"Condition","married","Intestinal infection","Widowed",449459.549548,113038.368313242
"Condition","married","Kidney Disease","Widowed",3586112.456012,2313648.5494155
"Condition","married","Male genital disorders","Widowed",1043021.472432,369766.596355975
"Condition","married","Mental disorders","Widowed",13465430.640815,2118070.90874317
"Condition","married","Non-malignant breast disease","Widowed",387145.242687,115173.901680889
"Condition","married","Non-malignant neoplasm","Widowed",577352.134677,170854.089653122
"Condition","married","Normal birth/live born","Widowed",10386.625923,10386.625923
"Condition","married","Osteoarthritis and other non-traumatic joint disorders","Widowed",21819161.063792,2565622.38852497
"Condition","married","Other bone and musculoskeletal disease","Widowed",6510301.916753,1916154.31324053
"Condition","married","Other care and screening","Widowed",10893820.167263,1413642.20163495
"Condition","married","Other circulatory conditions arteries, veins, and lymphatics","Widowed",6686033.2586,1149803.06562906
"Condition","married","Other CNS disorders","Widowed",4158063.670195,605955.651622151
"Condition","married","Other endocrine, nutritional & immune disorder","Widowed",7449388.63868,860609.802136085
"Condition","married","Other eye disorders","Widowed",4182158.087626,557069.489698638
"Condition","married","Other GI","Widowed",3138770.796672,454097.460590331
"Condition","married","Other stomach and intestinal disorders","Widowed",743572.107723,207868.038842586
"Condition","married","Other urinary","Widowed",2694383.598394,521010.552581016
"Condition","married","Otitis media","Widowed",558758.257235,259833.729432129
"Condition","married","Paralysis","Widowed",89541.713025,89541.713025
"Condition","married","Pneumonia","Widowed",1450069.166062,277659.682632131
"Condition","married","Poisoning by medical and non-medical substances","Widowed",224932.289139,91999.7420523611
"Condition","married","Residual Codes","Widowed",9948491.596418,1099750.08824319
"Condition","married","Skin disorders","Widowed",6176788.595802,893885.09301217
"Condition","married","Symptoms","Widowed",1148859.930234,366053.807927719
"Condition","married","Systemic lupus and connective tissues disorders","Widowed",6666519.891697,1089247.37673845
"Condition","married","Thyroid disease","Widowed",7839012.43922,966610.172860939
"Condition","married","Trauma-related disorders","Widowed",13039716.77402,1938681.76186106
"Condition","married","Urinary tract infections","Widowed",2267780.838896,434712.864032585
"Condition","married","Acute Bronchitis and URI","Divorced",6190839.723991,817087.243622149
"Condition","married","Allergic reactions","Divorced",941466.852031,251133.952913705
"Condition","married","Anemia and other deficiencies","Divorced",464734.601389,195041.295744642
"Condition","married","Back problems","Divorced",13709540.279986,1624290.24800872
"Condition","married","Cancer","Divorced",5171541.705202,1187809.19962511
"Condition","married","Cataract","Divorced",1579316.808462,620949.376974574
"Condition","married","Cerebrovascular disease","Divorced",1072863.007123,393093.575396505
"Condition","married","CNS infection","Divorced",18234.91944,18234.91944
"Condition","married","Complications of pregnancy and birth","Divorced",158335.027602,126376.871750369
"Condition","married","Complications of surgery or device","Divorced",257544.30859,94021.1309191912
"Condition","married","Congenital anomalies","Divorced",154501.803405,86932.7903823354
"Condition","married","COPD, asthma","Divorced",19864725.973125,2387314.59460968
"Condition","married","Diabetes mellitus","Divorced",13490057.799658,1687560.34048779
"Condition","married","Disorders of mouth and esophagus","Divorced",69821.235349,33118.5739560783
"Condition","married","Disorders of teeth and jaws","Divorced",1580289.705258,262822.824869018
"Condition","married","Disorders of the upper GI","Divorced",3335253.371198,524487.26472474
"Condition","married","Epilepsy and convulsions","Divorced",1766470.664757,585015.075473678
"Condition","married","Female genital disorders, and contraception","Divorced",6437388.543525,755426.524621876
"Condition","married","Gallbladder, pancreatic, and liver disease","Divorced",1248434.256795,589674.074584511
"Condition","married","Glaucoma","Divorced",1414185.206095,403373.241414369
"Condition","married","Headache","Divorced",3567194.70698,626675.932600136
"Condition","married","Heart disease","Divorced",13031155.458015,3065488.20145828
"Condition","married","Hemorrhagic, coagulation, and disorders of White Blood cells","Divorced",198505.279183,178452.737704026
"Condition","married","Hereditary, degenerative and other nervous system disorders","Divorced",1020159.247496,419742.923538926
"Condition","married","Hernias","Divorced",1044852.09085,275418.306547716
"Condition","married","Hyperlipidemia","Divorced",4541207.22576,824352.751805317
"Condition","married","Hypertension","Divorced",19324095.356636,1871658.60633878
"Condition","married","Infectious diseases","Divorced",5041027.668492,808589.93751284
"Condition","married","Influenza","Divorced",1463489.175493,321488.253162775
"Condition","married","Intestinal infection","Divorced",2048273.6885,381903.718309475
"Condition","married","Kidney Disease","Divorced",1046907.887354,436345.232005522
"Condition","married","Male genital disorders","Divorced",718517.993594,219751.795270882
"Condition","married","Mental disorders","Divorced",31174128.40553,8011013.15130549
"Condition","married","Non-malignant breast disease","Divorced",1007428.058285,296288.973849124
"Condition","married","Non-malignant neoplasm","Divorced",789799.103739,171960.228013811
"Condition","married","Normal birth/live born","Divorced",1627912.665047,472364.634424379
"Condition","married","Osteoarthritis and other non-traumatic joint disorders","Divorced",12712581.850515,1765787.4064597
"Condition","married","Other bone and musculoskeletal disease","Divorced",2433842.404075,547471.851471496
"Condition","married","Other care and screening","Divorced",8043117.479691,960804.179081737
"Condition","married","Other circulatory conditions arteries, veins, and lymphatics","Divorced",1905229.988216,489508.874720459
"Condition","married","Other CNS disorders","Divorced",6088011.7334,865609.544584805
"Condition","married","Other endocrine, nutritional & immune disorder","Divorced",2891527.344099,574855.056212307
"Condition","married","Other eye disorders","Divorced",3100071.675162,560523.223307303
"Condition","married","Other GI","Divorced",2319282.743951,582587.333555958
"Condition","married","Other stomach and intestinal disorders","Divorced",733929.173291,296647.254203865
"Condition","married","Other urinary","Divorced",1186643.061436,501023.915308047
"Condition","married","Otitis media","Divorced",1153570.267569,265805.695350191
"Condition","married","Paralysis","Divorced",100899.452808,100899.452808
"Condition","married","Pneumonia","Divorced",1077660.359884,281178.435380921
"Condition","married","Poisoning by medical and non-medical substances","Divorced",656524.888917,479822.306709802
"Condition","married","Residual Codes","Divorced",6802468.057053,862795.053907147
"Condition","married","Skin disorders","Divorced",7066211.305498,1569011.17696591
"Condition","married","Symptoms","Divorced",1829129.699199,665124.617279629
"Condition","married","Systemic lupus and connective tissues disorders","Divorced",9233232.024301,1465515.54678862
"Condition","married","Thyroid disease","Divorced",5178366.51713,600791.366374291
"Condition","married","Tonsillitis","Divorced",282029.772842,247316.839648375
"Condition","married","Trauma-related disorders","Divorced",19234818.949759,2419468.54520698
"Condition","married","Urinary tract infections","Divorced",1704809.264825,297575.275976659
"Condition","married","Acute Bronchitis and URI","Separated",479349.204722,145882.48571489
"Condition","married","Allergic reactions","Separated",28501.508558,21314.3928210635
"Condition","married","Anemia and other deficiencies","Separated",160160.020457,73436.841252597
"Condition","married","Back problems","Separated",2139316.846497,579193.55011223
"Condition","married","Cancer","Separated",1688148.14904,749304.576887972
"Condition","married","Cerebrovascular disease","Separated",159919.405272,97235.8476105449
"Condition","married","Complications of pregnancy and birth","Separated",110724.930741,85930.4026968222
"Condition","married","Complications of surgery or device","Separated",22417.740676,22417.740676
"Condition","married","Congenital anomalies","Separated",2905.534816,2905.534816
"Condition","married","COPD, asthma","Separated",2439444.717846,574151.261199482
"Condition","married","Diabetes mellitus","Separated",1933307.453838,640856.591686656
"Condition","married","Disorders of mouth and esophagus","Separated",108577.960946,83256.1161929331
"Condition","married","Disorders of teeth and jaws","Separated",147240.941171,74669.6818348118
"Condition","married","Disorders of the upper GI","Separated",714355.440261,235948.858257285
"Condition","married","Epilepsy and convulsions","Separated",254814.212762,143671.998649455
"Condition","married","Female genital disorders, and contraception","Separated",864436.125763,202669.835934334
"Condition","married","Gallbladder, pancreatic, and liver disease","Separated",298582.701075,152544.253684389
"Condition","married","Glaucoma","Separated",29226.527943,22684.4277799179
"Condition","married","Headache","Separated",344606.587514,122863.614590931
"Condition","married","Heart disease","Separated",1368992.617469,424793.093617156
"Condition","married","Hemorrhagic, coagulation, and disorders of White Blood cells","Separated",398225.644618,215530.421931435
"Condition","married","Hereditary, degenerative and other nervous system disorders","Separated",249259.475168,249259.475168
"Condition","married","Hernias","Separated",180449.226596,168654.12267558
"Condition","married","Hyperlipidemia","Separated",413478.591847,134777.095815106
"Condition","married","Hypertension","Separated",2814157.021114,521214.277364399
"Condition","married","Infectious diseases","Separated",707180.937784,264836.454970202
"Condition","married","Influenza","Separated",201540.019748,84585.7577155935
"Condition","married","Intestinal infection","Separated",318967.606632,116536.657228947
"Condition","married","Kidney Disease","Separated",131543.508258,72636.2026560852
"Condition","married","Male genital disorders","Separated",146952.028982,111345.49334018
"Condition","married","Mental disorders","Separated",3852643.536768,1221453.93628619
"Condition","married","Non-malignant breast disease","Separated",420594.26097,214105.946110474
"Condition","married","Non-malignant neoplasm","Separated",10702.167222,10702.167222
"Condition","married","Normal birth/live born","Separated",424512.884879,214742.078400903
"Condition","married","Osteoarthritis and other non-traumatic joint disorders","Separated",1512573.085927,406000.161059666
"Condition","married","Other bone and musculoskeletal disease","Separated",131180.309453,52018.1435069618
"Condition","married","Other care and screening","Separated",937949.739864,308882.41497466
"Condition","married","Other circulatory conditions arteries, veins, and lymphatics","Separated",217791.816382,97294.217541263
"Condition","married","Other CNS disorders","Separated",1184427.534372,498356.878903513
"Condition","married","Other endocrine, nutritional & immune disorder","Separated",192509.836515,74775.7594414483
"Condition","married","Other eye disorders","Separated",368897.095114,126734.476434975
"Condition","married","Other GI","Separated",149261.770011,86710.6323914075
"Condition","married","Other stomach and intestinal disorders","Separated",19234.083472,19234.083472
"Condition","married","Other urinary","Separated",191225.656404,87228.491274711
"Condition","married","Otitis media","Separated",389289.737515,179372.812911092
"Condition","married","Pneumonia","Separated",490678.650381,232358.786900818
"Condition","married","Poisoning by medical and non-medical substances","Separated",4905.424353,4905.424353
"Condition","married","Residual Codes","Separated",772334.966361,183655.962541127
"Condition","married","Skin disorders","Separated",893599.975626,242610.919152615
"Condition","married","Symptoms","Separated",136225.644067,57817.6430631158
"Condition","married","Systemic lupus and connective tissues disorders","Separated",903455.766143,244633.189750759
"Condition","married","Thyroid disease","Separated",402613.437954,141594.443004343
"Condition","married","Tonsillitis","Separated",46471.732151,30507.8986510046
"Condition","married","Trauma-related disorders","Separated",3157692.600749,1017150.78740668
"Condition","married","Urinary tract infections","Separated",317526.804438,117291.424843694
"Condition","married","Acute Bronchitis and URI","Never married",12562651.321667,977532.722064317
"Condition","married","Allergic reactions","Never married",6141523.086683,3235242.11522403
"Condition","married","Anemia and other deficiencies","Never married",984532.908698,407149.871756857
"Condition","married","Appendicitis","Never married",140167.762056,77805.7432845729
"Condition","married","Back problems","Never married",15272371.684149,3356578.69843513
"Condition","married","Cancer","Never married",7916468.653539,2477350.88314457
"Condition","married","Cataract","Never married",479356.793975,163592.955638311
"Condition","married","Cerebrovascular disease","Never married",435790.849988,191220.35296035
"Condition","married","CNS infection","Never married",87586.938003,53305.4017339741
"Condition","married","Coma, brain damage","Never married",152446.21364,152446.21364
"Condition","married","Complications of pregnancy and birth","Never married",706477.316501,339959.120365755
"Condition","married","Complications of surgery or device","Never married",296862.868572,104341.053596223
"Condition","married","Congenital anomalies","Never married",1048686.998541,436055.358564587
"Condition","married","COPD, asthma","Never married",28097205.266853,3390379.54913003
"Condition","married","Diabetes mellitus","Never married",7711852.616658,1734003.73410309
"Condition","married","Disorders of mouth and esophagus","Never married",299434.629752,90562.9064869874
"Condition","married","Disorders of teeth and jaws","Never married",2403184.738095,341646.1377941
"Condition","married","Disorders of the upper GI","Never married",3713886.48892,530903.543365043
"Condition","married","Epilepsy and convulsions","Never married",4132268.859014,826025.547471037
"Condition","married","Female genital disorders, and contraception","Never married",7663453.520689,844335.222093514
"Condition","married","Gallbladder, pancreatic, and liver disease","Never married",825708.686503,237091.979506753
"Condition","married","Glaucoma","Never married",730697.745614,244969.718905962
"Condition","married","Headache","Never married",3533999.423228,521472.368395659
"Condition","married","Heart disease","Never married",6499713.282377,2147567.81318521
"Condition","married","Hemorrhagic, coagulation, and disorders of White Blood cells","Never married",138258.876045,71877.7818296221
"Condition","married","Hereditary, degenerative and other nervous system disorders","Never married",583246.335976,287882.195881439
"Condition","married","Hernias","Never married",1010918.153447,325563.649629004
"Condition","married","Hyperlipidemia","Never married",1994787.859756,398134.530703049
"Condition","married","Hypertension","Never married",9424591.741218,1160867.18180257
"Condition","married","Infectious diseases","Never married",10614709.955121,1595024.40581127
"Condition","married","Influenza","Never married",2188299.872985,375029.382730696
"Condition","married","Intestinal infection","Never married",3506506.257524,391580.396493701
"Condition","married","Kidney Disease","Never married",1270027.280153,458169.838189779
"Condition","married","Male genital disorders","Never married",413789.635156,147354.658015363
"Condition","married","Mental disorders","Never married",43705564.309796,6479001.38633035
"Condition","married","Non-malignant breast disease","Never married",381180.455398,115827.397580027
"Condition","married","Non-malignant neoplasm","Never married",1226197.703535,308367.911021034
"Condition","married","Normal birth/live born","Never married",10192528.682416,1658240.31207943
"Condition","married","Osteoarthritis and other non-traumatic joint disorders","Never married",6541668.592388,1344468.64727026
"Condition","married","Other bone and musculoskeletal disease","Never married",3444629.925891,2184602.30590031
"Condition","married","Other care and screening","Never married",6975678.622669,1495917.48142999
"Condition","married","Other circulatory conditions arteries, veins, and lymphatics","Never married",658671.387603,168080.282126697
"Condition","married","Other CNS disorders","Never married",5314329.791094,1184104.97232202
"Condition","married","Other endocrine, nutritional & immune disorder","Never married",4419882.533613,1405810.99754576
"Condition","married","Other eye disorders","Never married",4653245.124529,567496.327754993
"Condition","married","Other GI","Never married",2089977.547911,449397.221177957
"Condition","married","Other stomach and intestinal disorders","Never married",814198.639517,428728.953874433
"Condition","married","Other urinary","Never married",772247.6357,258278.417747249
"Condition","married","Otitis media","Never married",3805585.197994,843330.81034552
"Condition","married","Paralysis","Never married",807929.164524,360104.835574174
"Condition","married","Perinatal Conditions","Never married",3816.937622,3816.937622
"Condition","married","Pneumonia","Never married",1563479.353096,344716.968214186
"Condition","married","Poisoning by medical and non-medical substances","Never married",670967.114293,187302.092824041
"Condition","married","Residual Codes","Never married",5187132.972327,1413891.04150874
"Condition","married","Skin disorders","Never married",15650746.563612,1827552.53138243
"Condition","married","Symptoms","Never married",1693391.760878,277418.561139092
"Condition","married","Systemic lupus and connective tissues disorders","Never married",6046791.506876,1607046.51614749
"Condition","married","Thyroid disease","Never married",2646837.971333,583061.681440125
"Condition","married","Tonsillitis","Never married",517901.460948,185119.222299712
"Condition","married","Trauma-related disorders","Never married",38279919.959312,4113583.31414232
"Condition","married","Urinary tract infections","Never married",2944423.344939,409618.788164292
"Condition","married","Acute Bronchitis and URI","Inapplicable (age < 16)",37632230.577683,2632037.42940281
"Condition","married","Allergic reactions","Inapplicable (age < 16)",4082122.443943,696100.419490783
"Condition","married","Anemia and other deficiencies","Inapplicable (age < 16)",428738.891918,133414.827157172
"Condition","married","Appendicitis","Inapplicable (age < 16)",237933.338808,113733.35713155
"Condition","married","Back problems","Inapplicable (age < 16)",495426.507991,199083.86102613
"Condition","married","Cancer","Inapplicable (age < 16)",588581.619811,251765.76718438
"Condition","married","Cataract","Inapplicable (age < 16)",41371.007552,24328.703081629
"Condition","married","Cerebrovascular disease","Inapplicable (age < 16)",1948.419457,1948.419457
"Condition","married","CNS infection","Inapplicable (age < 16)",284729.70707,226143.683575136
"Condition","married","Complications of pregnancy and birth","Inapplicable (age < 16)",108158.329748,100871.975170589
"Condition","married","Complications of surgery or device","Inapplicable (age < 16)",188837.963081,68239.8349981683
"Condition","married","Congenital anomalies","Inapplicable (age < 16)",6118653.207538,2700578.72261616
"Condition","married","COPD, asthma","Inapplicable (age < 16)",42030923.262553,3029145.47891655
"Condition","married","Diabetes mellitus","Inapplicable (age < 16)",297155.108473,179921.635966764
"Condition","married","Disorders of mouth and esophagus","Inapplicable (age < 16)",205749.148068,76274.4164157986
"Condition","married","Disorders of teeth and jaws","Inapplicable (age < 16)",1238449.032942,212551.112994899
"Condition","married","Disorders of the upper GI","Inapplicable (age < 16)",1557917.366724,303972.754734932
"Condition","married","Epilepsy and convulsions","Inapplicable (age < 16)",2495001.871215,944274.374351367
"Condition","married","Female genital disorders, and contraception","Inapplicable (age < 16)",472389.282495,128657.803825353
"Condition","married","Gallbladder, pancreatic, and liver disease","Inapplicable (age < 16)",835243.829888,241643.630758195
"Condition","married","Glaucoma","Inapplicable (age < 16)",65292.527323,46174.4085068904
"Condition","married","Headache","Inapplicable (age < 16)",510379.797662,147004.204578135
"Condition","married","Heart disease","Inapplicable (age < 16)",1770466.746601,667292.907206238
"Condition","married","Hemorrhagic, coagulation, and disorders of White Blood cells","Inapplicable (age < 16)",457171.818718,167512.904350234
"Condition","married","Hereditary, degenerative and other nervous system disorders","Inapplicable (age < 16)",65559.108893,37577.8232712921
"Condition","married","Hernias","Inapplicable (age < 16)",308853.757039,110888.308780961
"Condition","married","Hyperlipidemia","Inapplicable (age < 16)",24827.284657,18356.4043129841
"Condition","married","Hypertension","Inapplicable (age < 16)",71539.246804,47440.842805555
"Condition","married","Infectious diseases","Inapplicable (age < 16)",10037884.349407,786156.822998035
"Condition","married","Influenza","Inapplicable (age < 16)",3865608.781554,526485.12529231
"Condition","married","Intestinal infection","Inapplicable (age < 16)",5048064.306549,444957.916350206
"Condition","married","Kidney Disease","Inapplicable (age < 16)",652999.703472,285159.16829697
"Condition","married","Male genital disorders","Inapplicable (age < 16)",253306.266576,137750.692838182
"Condition","married","Mental disorders","Inapplicable (age < 16)",30196718.649893,4071613.51033053
"Condition","married","Non-malignant breast disease","Inapplicable (age < 16)",62723.98055,37340.4718811978
"Condition","married","Non-malignant neoplasm","Inapplicable (age < 16)",232066.955439,92762.4982747406
"Condition","married","Normal birth/live born","Inapplicable (age < 16)",298661.381998,119441.09415319
"Condition","married","Osteoarthritis and other non-traumatic joint disorders","Inapplicable (age < 16)",2669384.834098,1434230.28351622
"Condition","married","Other bone and musculoskeletal disease","Inapplicable (age < 16)",1443388.173751,388507.802568259
"Condition","married","Other care and screening","Inapplicable (age < 16)",6983736.272392,1612358.64726609
"Condition","married","Other circulatory conditions arteries, veins, and lymphatics","Inapplicable (age < 16)",143598.166969,60052.0906206619
"Condition","married","Other CNS disorders","Inapplicable (age < 16)",8606568.270333,2194369.05955432
"Condition","married","Other endocrine, nutritional & immune disorder","Inapplicable (age < 16)",3075223.091392,1361362.10105804
"Condition","married","Other eye disorders","Inapplicable (age < 16)",6507818.47136,591808.505820139
"Condition","married","Other GI","Inapplicable (age < 16)",1774133.436914,360790.686007581
"Condition","married","Other stomach and intestinal disorders","Inapplicable (age < 16)",84691.920372,45924.8774272344
"Condition","married","Other urinary","Inapplicable (age < 16)",699577.832082,172942.418991563
"Condition","married","Otitis media","Inapplicable (age < 16)",33125920.018156,3250751.25863023
"Condition","married","Paralysis","Inapplicable (age < 16)",541225.30087,224909.568874109
"Condition","married","Perinatal Conditions","Inapplicable (age < 16)",371623.873182,163927.692573106
"Condition","married","Pneumonia","Inapplicable (age < 16)",3390399.664127,528694.636165273
"Condition","married","Poisoning by medical and non-medical substances","Inapplicable (age < 16)",733827.172612,235711.049885007
"Condition","married","Residual Codes","Inapplicable (age < 16)",2073702.646716,946848.185914012
"Condition","married","Skin disorders","Inapplicable (age < 16)",6971574.18661,707978.934158794
"Condition","married","Symptoms","Inapplicable (age < 16)",3250266.388945,406229.815793316
"Condition","married","Systemic lupus and connective tissues disorders","Inapplicable (age < 16)",4666692.473077,3902620.55958153
"Condition","married","Thyroid disease","Inapplicable (age < 16)",558466.162974,285337.935529382
"Condition","married","Tonsillitis","Inapplicable (age < 16)",2464712.016735,460821.99776308
"Condition","married","Trauma-related disorders","Inapplicable (age < 16)",17522452.318515,1380511.42478396
"Condition","married","Urinary tract infections","Inapplicable (age < 16)",1893443.113868,388895.28525888
"Condition","race","Acute Bronchitis and URI","Hispanic",6418077.125614,667731.096015884
"Condition","race","Allergic reactions","Hispanic",936872.069578,176635.636451013
"Condition","race","Anemia and other deficiencies","Hispanic",1052449.856389,327008.568052947
"Condition","race","Appendicitis","Hispanic",156940.749975,77879.3733587713
"Condition","race","Back problems","Hispanic",7253471.376223,1175138.37296059
"Condition","race","Cancer","Hispanic",3239004.446699,832604.875302573
"Condition","race","Cataract","Hispanic",1087879.047248,425281.581701727
"Condition","race","Cerebrovascular disease","Hispanic",592100.068139,222312.578724867
"Condition","race","CNS infection","Hispanic",282337.591283,190747.915692019
"Condition","race","Complications of pregnancy and birth","Hispanic",598079.17418,201297.957003629
"Condition","race","Complications of surgery or device","Hispanic",323174.933456,107852.357002541
"Condition","race","Congenital anomalies","Hispanic",805305.599505,422236.654245518
"Condition","race","COPD, asthma","Hispanic",17693594.35519,1819433.56154644
"Condition","race","Diabetes mellitus","Hispanic",14626662.016534,3877041.28551016
"Condition","race","Disorders of mouth and esophagus","Hispanic",229277.148645,61648.9764687372
"Condition","race","Disorders of teeth and jaws","Hispanic",852844.363269,120397.497732465
"Condition","race","Disorders of the upper GI","Hispanic",3004362.740018,385437.131494178
"Condition","race","Epilepsy and convulsions","Hispanic",875921.602792,266197.322481635
"Condition","race","Female genital disorders, and contraception","Hispanic",3536806.951091,398614.495121669
"Condition","race","Gallbladder, pancreatic, and liver disease","Hispanic",540580.365383,96470.6900251476
"Condition","race","Glaucoma","Hispanic",389561.154417,134903.089363319
"Condition","race","Headache","Hispanic",2229557.779514,444980.475417037
"Condition","race","Heart disease","Hispanic",5482043.693615,1059849.85270542
"Condition","race","Hemorrhagic, coagulation, and disorders of White Blood cells","Hispanic",221703.276863,96529.8586348731
"Condition","race","Hereditary, degenerative and other nervous system disorders","Hispanic",425951.396375,305480.453606128
"Condition","race","Hernias","Hispanic",422146.586232,126369.584899478
"Condition","race","Hyperlipidemia","Hispanic",1823157.524545,344984.884081296
"Condition","race","Hypertension","Hispanic",10732488.909191,1346644.75474027
"Condition","race","Infectious diseases","Hispanic",3476417.418983,462185.012572436
"Condition","race","Influenza","Hispanic",1797646.396259,229912.861956156
"Condition","race","Intestinal infection","Hispanic",2632642.901886,302162.123772982
"Condition","race","Kidney Disease","Hispanic",4009925.751929,2359886.50695657
"Condition","race","Male genital disorders","Hispanic",804771.883842,237124.950566438
"Condition","race","Mental disorders","Hispanic",12030348.201666,2300322.26532576
"Condition","race","Non-malignant breast disease","Hispanic",222240.658766,64376.9363208967
"Condition","race","Non-malignant neoplasm","Hispanic",347501.98732,136930.267634905
"Condition","race","Normal birth/live born","Hispanic",8194195.045179,1062315.10315121
"Condition","race","Osteoarthritis and other non-traumatic joint disorders","Hispanic",8206965.108813,1330439.83499837
"Condition","race","Other bone and musculoskeletal disease","Hispanic",1183691.039543,307210.688129017
"Condition","race","Other care and screening","Hispanic",4297051.288819,542734.914350377
"Condition","race","Other circulatory conditions arteries, veins, and lymphatics","Hispanic",1195187.390102,240175.077635193
"Condition","race","Other CNS disorders","Hispanic",4103291.096982,622607.643521326
"Condition","race","Other endocrine, nutritional & immune disorder","Hispanic",1934155.496197,419580.121330556
"Condition","race","Other eye disorders","Hispanic",2274197.361158,497116.453537788
"Condition","race","Other GI","Hispanic",1994137.678332,572955.870777011
"Condition","race","Other stomach and intestinal disorders","Hispanic",261666.822549,131234.00720432
"Condition","race","Other urinary","Hispanic",604159.463212,135764.318906671
"Condition","race","Otitis media","Hispanic",4606234.146926,516024.444658676
"Condition","race","Paralysis","Hispanic",498892.506617,233984.955328265
"Condition","race","Perinatal Conditions","Hispanic",154981.159795,127289.198261189
"Condition","race","Pneumonia","Hispanic",926934.667924,255838.988490373
"Condition","race","Poisoning by medical and non-medical substances","Hispanic",242033.930143,71287.5886109562
"Condition","race","Residual Codes","Hispanic",3011987.559587,430869.778145868
"Condition","race","Skin disorders","Hispanic",5205788.925506,604909.565340062
"Condition","race","Symptoms","Hispanic",1898799.089552,284884.67513325
"Condition","race","Systemic lupus and connective tissues disorders","Hispanic",3643330.342335,444370.967862476
"Condition","race","Thyroid disease","Hispanic",2722957.694573,506820.501050931
"Condition","race","Tonsillitis","Hispanic",492824.304935,145390.692403735
"Condition","race","Trauma-related disorders","Hispanic",14678611.813186,1925828.26424285
"Condition","race","Urinary tract infections","Hispanic",1755095.448428,332154.659999842
"Condition","race","Acute Bronchitis and URI","Black",7702397.426172,892529.291982125
"Condition","race","Allergic reactions","Black",1222675.036685,443601.293228412
"Condition","race","Anemia and other deficiencies","Black",636235.79346,170766.485617233
"Condition","race","Back problems","Black",5027237.316177,1060193.38397932
"Condition","race","Cancer","Black",8444547.793624,2008976.07330733
"Condition","race","Cataract","Black",1015102.413932,264018.255717419
"Condition","race","Cerebrovascular disease","Black",1163448.9441,316201.494973038
"Condition","race","CNS infection","Black",49452.082472,49452.082472
"Condition","race","Complications of pregnancy and birth","Black",153125.257839,63885.1433381003
"Condition","race","Complications of surgery or device","Black",267953.013839,109504.23651978
"Condition","race","Congenital anomalies","Black",696830.020656,430376.670808151
"Condition","race","COPD, asthma","Black",18369260.365734,2037152.12978295
"Condition","race","Diabetes mellitus","Black",12637428.202442,1447159.9213587
"Condition","race","Disorders of mouth and esophagus","Black",163508.547656,81270.6406841016
"Condition","race","Disorders of teeth and jaws","Black",1386347.788147,216713.894120243
"Condition","race","Disorders of the upper GI","Black",3293692.721805,529364.020839235
"Condition","race","Epilepsy and convulsions","Black",2126810.500272,454912.021017806
"Condition","race","Female genital disorders, and contraception","Black",2566616.694856,356368.654788805
"Condition","race","Gallbladder, pancreatic, and liver disease","Black",437320.099576,138291.791310889
"Condition","race","Glaucoma","Black",2314608.596405,455124.623970302
"Condition","race","Headache","Black",1543519.025511,316866.152402636
"Condition","race","Heart disease","Black",10176893.648646,1337984.26569236
"Condition","race","Hemorrhagic, coagulation, and disorders of White Blood cells","Black",870823.529327,277841.879982703
"Condition","race","Hereditary, degenerative and other nervous system disorders","Black",221520.186599,92733.6627507831
"Condition","race","Hernias","Black",979350.175233,230428.736850736
"Condition","race","Hyperlipidemia","Black",1960275.202494,279332.383724883
"Condition","race","Hypertension","Black",20965045.283226,1918475.79276414
"Condition","race","Infectious diseases","Black",5031524.77068,1166499.99678582
"Condition","race","Influenza","Black",1060369.151671,213876.684282418
"Condition","race","Intestinal infection","Black",2070143.240532,341793.322397978
"Condition","race","Kidney Disease","Black",2292486.488184,1271361.49801829
"Condition","race","Male genital disorders","Black",573674.615061,174949.076568735
"Condition","race","Mental disorders","Black",12463864.023517,2528744.20753859
"Condition","race","Non-malignant breast disease","Black",841360.54832,311291.586634535
"Condition","race","Non-malignant neoplasm","Black",904907.987868,247104.529087601
"Condition","race","Normal birth/live born","Black",5230570.271528,1136699.4794303
"Condition","race","Osteoarthritis and other non-traumatic joint disorders","Black",8658295.194207,1280473.96389596
"Condition","race","Other bone and musculoskeletal disease","Black",651099.927943,204755.966775242
"Condition","race","Other care and screening","Black",4156921.274247,745118.374254997
"Condition","race","Other circulatory conditions arteries, veins, and lymphatics","Black",1497935.762955,318953.789559633
"Condition","race","Other CNS disorders","Black",3637902.669436,766262.343081823
"Condition","race","Other endocrine, nutritional & immune disorder","Black",2622139.340859,388531.709041089
"Condition","race","Other eye disorders","Black",2257213.780445,378022.913346398
"Condition","race","Other GI","Black",1620625.147993,255780.470295765
"Condition","race","Other stomach and intestinal disorders","Black",317943.323747,147943.677272412
"Condition","race","Other urinary","Black",894752.2883,216462.494452091
"Condition","race","Otitis media","Black",2888460.655824,487871.41949755
"Condition","race","Paralysis","Black",296382.859304,201659.445947377
"Condition","race","Pneumonia","Black",1512678.515453,293378.380063201
"Condition","race","Poisoning by medical and non-medical substances","Black",169862.211577,54827.2861183067
"Condition","race","Residual Codes","Black",4304118.483886,882314.995464739
"Condition","race","Skin disorders","Black",5325492.433192,796677.197821191
"Condition","race","Symptoms","Black",786283.867964,177920.968421275
"Condition","race","Systemic lupus and connective tissues disorders","Black",3570284.998162,604153.193195116
"Condition","race","Thyroid disease","Black",1306469.598973,243876.032952342
"Condition","race","Tonsillitis","Black",167356.147564,65700.4820737619
"Condition","race","Trauma-related disorders","Black",13397008.883268,2432754.84391546
"Condition","race","Urinary tract infections","Black",1424014.86495,318281.835073792
"Condition","race","Acute Bronchitis and URI","White and other",81849438.862242,4115796.09624835
"Condition","race","Allergic reactions","White and other",16437934.987361,3370438.58838287
"Condition","race","Anemia and other deficiencies","White and other",4934756.220509,843100.844491
"Condition","race","Appendicitis","White and other",377635.967187,140576.034253296
"Condition","race","Back problems","White and other",86706093.411686,6669880.15201616
"Condition","race","Cancer","White and other",57076578.08697,6122269.12228785
"Condition","race","Cataract","White and other",12659680.800719,1537093.37234215
"Condition","race","Cerebrovascular disease","White and other",11460857.462734,1946471.5059143
"Condition","race","CNS infection","White and other",663840.054159,293883.183690828
"Condition","race","Coma, brain damage","White and other",152446.21364,152446.21364
"Condition","race","Complications of pregnancy and birth","White and other",2307655.636524,611865.842886837
"Condition","race","Complications of surgery or device","White and other",1708330.248248,300928.333096639
"Condition","race","Congenital anomalies","White and other",8373617.82532,2728910.09750561
"Condition","race","COPD, asthma","White and other",156661435.464704,8126849.67739079
"Condition","race","Diabetes mellitus","White and other",70031829.738243,5436045.41474687
"Condition","race","Disorders of mouth and esophagus","White and other",2046562.416721,446378.460891133
"Condition","race","Disorders of teeth and jaws","White and other",8984457.549454,671366.586544504
"Condition","race","Disorders of the upper GI","White and other",25965070.960918,1533338.75342439
"Condition","race","Epilepsy and convulsions","White and other",9358410.352113,1518561.52958369
"Condition","race","Female genital disorders, and contraception","White and other",36485720.194164,2226575.29604308
"Condition","race","Gallbladder, pancreatic, and liver disease","White and other",9109967.735115,1178621.87385749
"Condition","race","Glaucoma","White and other",11696535.704781,1239266.52930818
"Condition","race","Headache","White and other",19373160.728154,2015555.38309469
"Condition","race","Heart disease","White and other",103764231.370853,7394824.5884047
"Condition","race","Hemorrhagic, coagulation, and disorders of White Blood cells","White and other",3180456.16784,754434.518299608
"Condition","race","Hereditary, degenerative and other nervous system disorders","White and other",7825312.780883,1162607.68488905
"Condition","race","Hernias","White and other",8797868.326326,900020.383457955
"Condition","race","Hyperlipidemia","White and other",36169407.859135,2104985.11482606
"Condition","race","Hypertension","White and other",121215266.111565,6145593.79064236
"Condition","race","Infectious diseases","White and other",37216519.417748,2589614.93056035
"Condition","race","Influenza","White and other",10456721.186619,941092.236406305
"Condition","race","Intestinal infection","White and other",14482702.524759,937743.702964572
"Condition","race","Kidney Disease","White and other",16070086.947731,3011693.00238732
"Condition","race","Male genital disorders","White and other",7524258.949151,909527.870549822
"Condition","race","Mental disorders","White and other",153970235.978351,13994361.3657641
"Condition","race","Non-malignant breast disease","White and other",5606427.939892,612143.950747789
"Condition","race","Non-malignant neoplasm","White and other",6851819.791705,683506.517952542
"Condition","race","Normal birth/live born","White and other",34911073.117162,3574648.64728265
"Condition","race","Osteoarthritis and other non-traumatic joint disorders","White and other",76755436.284735,5111147.14119524
"Condition","race","Other bone and musculoskeletal disease","White and other",19461805.303354,3071857.34214171
"Condition","race","Other care and screening","White and other",64007815.794678,4680355.40567709
"Condition","race","Other circulatory conditions arteries, veins, and lymphatics","White and other",20093305.806362,1974814.19591114
"Condition","race","Other CNS disorders","White and other",45629946.217861,3504755.27409036
"Condition","race","Other endocrine, nutritional & immune disorder","White and other",33187089.087586,2730921.78029515
"Condition","race","Other eye disorders","White and other",28355000.400283,1925189.68789586
"Condition","race","Other GI","White and other",17706484.024188,1310599.52397999
"Condition","race","Other stomach and intestinal disorders","White and other",6754488.435163,1095627.44144078
"Condition","race","Other urinary","White and other",8749738.355884,947749.486729642
"Condition","race","Otitis media","White and other",37598201.215976,3684608.68220317
"Condition","race","Paralysis","White and other",1118496.001722,367770.977223605
"Condition","race","Perinatal Conditions","White and other",220459.651009,106919.773872624
"Condition","race","Pneumonia","White and other",12041775.065868,1081332.22909491
"Condition","race","Poisoning by medical and non-medical substances","White and other",3371781.882582,638440.560028152
"Condition","race","Residual Codes","White and other",43167994.695413,3168794.09869525
"Condition","race","Skin disorders","White and other",56712251.190214,3185975.39854494
"Condition","race","Symptoms","White and other",11786821.705901,1174206.3200017
"Condition","race","Systemic lupus and connective tissues disorders","White and other",51873438.994846,5226639.01097651
"Condition","race","Thyroid disease","White and other",33721683.706316,2075698.33606532
"Condition","race","Tonsillitis","White and other",3300625.612504,654157.665489454
"Condition","race","Trauma-related disorders","White and other",142164189.229236,8721992.21489688
"Condition","race","Urinary tract infections","White and other",14873621.454241,1123442.21903987
"Condition","sex","Acute Bronchitis and URI","Male",39314766.930739,2521695.72174392
"Condition","sex","Allergic reactions","Male",9571304.290148,3270948.39312055
"Condition","sex","Anemia and other deficiencies","Male",1572956.028192,404529.580484431
"Condition","sex","Appendicitis","Male",374132.491285,136296.001967206
"Condition","sex","Back problems","Male",42774602.712402,4555773.15209955
"Condition","sex","Cancer","Male",33098723.273251,4260652.66112608
"Condition","sex","Cataract","Male",4570748.082476,756632.254503326
"Condition","sex","Cerebrovascular disease","Male",6943249.261455,1254394.24565961
"Condition","sex","CNS infection","Male",592531.947631,280692.857716499
"Condition","sex","Complications of surgery or device","Male",1132789.091483,213236.795592218
"Condition","sex","Congenital anomalies","Male",5541083.679343,2619955.96009631
"Condition","sex","COPD, asthma","Male",82260208.234589,5377444.44684762
"Condition","sex","Diabetes mellitus","Male",41795909.182267,2963727.92042567
"Condition","sex","Disorders of mouth and esophagus","Male",1411321.433911,435192.772755552
"Condition","sex","Disorders of teeth and jaws","Male",5166380.367131,468898.056366447
"Condition","sex","Disorders of the upper GI","Male",12174231.5368,902188.476688012
"Condition","sex","Epilepsy and convulsions","Male",6214131.751095,955895.852081817
"Condition","sex","Female genital disorders, and contraception","Male",291802.561185,154870.987891195
"Condition","sex","Gallbladder, pancreatic, and liver disease","Male",2903440.009294,507886.266192752
"Condition","sex","Glaucoma","Male",7196676.933615,997905.765265034
"Condition","sex","Headache","Male",4695650.168572,624330.209086012
"Condition","sex","Heart disease","Male",63269752.243169,5153285.38661721
"Condition","sex","Hemorrhagic, coagulation, and disorders of White Blood cells","Male",2251593.47133,540743.524615216
"Condition","sex","Hereditary, degenerative and other nervous system disorders","Male",3394596.238648,853459.553314223
"Condition","sex","Hernias","Male",5814165.112165,706684.682747838
"Condition","sex","Hyperlipidemia","Male",21224388.726925,1467618.73201999
"Condition","sex","Hypertension","Male",64554868.750942,3439755.27133906
"Condition","sex","Infectious diseases","Male",20406978.286287,1868455.81655227
"Condition","sex","Influenza","Male",6785337.683653,731316.780835481
"Condition","sex","Intestinal infection","Male",7988393.277406,611385.534751374
"Condition","sex","Kidney Disease","Male",9122723.624161,1926500.77319518
"Condition","sex","Male genital disorders","Male",8902705.448054,967592.538277471
"Condition","sex","Mental disorders","Male",80951927.190889,11268715.2832893
"Condition","sex","Non-malignant breast disease","Male",198128.288522,91584.4974898013
"Condition","sex","Non-malignant neoplasm","Male",2644821.530232,368391.074674365
"Condition","sex","Normal birth/live born","Male",60940.007925,36546.9460877751
"Condition","sex","Osteoarthritis and other non-traumatic joint disorders","Male",29273896.246958,2852810.65367254
"Condition","sex","Other bone and musculoskeletal disease","Male",1976028.632269,456250.952711163
"Condition","sex","Other care and screening","Male",24117594.820329,2760322.28949471
"Condition","sex","Other circulatory conditions arteries, veins, and lymphatics","Male",11746585.36232,1632541.95898634
"Condition","sex","Other CNS disorders","Male",21951966.49037,2320530.38074858
"Condition","sex","Other endocrine, nutritional & immune disorder","Male",13927721.037684,1852089.02659863
"Condition","sex","Other eye disorders","Male",13785624.859646,1079682.93162483
"Condition","sex","Other GI","Male",9591752.515773,975900.818690276
"Condition","sex","Other stomach and intestinal disorders","Male",4043524.38328,936757.565454324
"Condition","sex","Other urinary","Male",3669792.728729,612792.553522299
"Condition","sex","Otitis media","Male",22505251.842886,2652450.47497461
"Condition","sex","Paralysis","Male",1414717.174618,409595.188351122
"Condition","sex","Perinatal Conditions","Male",151160.568642,96057.1862651409
"Condition","sex","Pneumonia","Male",6918671.874014,768296.106235787
"Condition","sex","Poisoning by medical and non-medical substances","Male",1861377.780984,572167.199118351
"Condition","sex","Residual Codes","Male",18619529.649679,2075088.91967745
"Condition","sex","Skin disorders","Male",28415590.372508,2172141.63652465
"Condition","sex","Symptoms","Male",5601526.63441,855679.522516141
"Condition","sex","Systemic lupus and connective tissues disorders","Male",20001152.691494,4226138.43575609
"Condition","sex","Thyroid disease","Male",5492607.192753,671433.013196552
"Condition","sex","Tonsillitis","Male",1315403.968198,283444.904994553
"Condition","sex","Trauma-related disorders","Male",78343746.234379,5704576.93528704
"Condition","sex","Urinary tract infections","Male",3435423.420407,620157.977003439
"Condition","sex","Acute Bronchitis and URI","Female",56655146.483289,2700477.97587814
"Condition","sex","Allergic reactions","Female",9026177.803476,896657.960249112
"Condition","sex","Anemia and other deficiencies","Female",5050485.842166,810255.582541203
"Condition","sex","Appendicitis","Female",160444.225877,85148.2122471999
"Condition","sex","Back problems","Female",56212199.391684,4579721.86625899
"Condition","sex","Cancer","Female",35661407.054042,4330733.33865565
"Condition","sex","Cataract","Female",10191914.179423,1345890.76779511
"Condition","sex","Cerebrovascular disease","Female",6273157.213518,1445951.0141425
"Condition","sex","CNS infection","Female",403097.780283,178080.153601525
"Condition","sex","Coma, brain damage","Female",152446.21364,152446.21364
"Condition","sex","Complications of pregnancy and birth","Female",3058860.068543,643614.672477285
"Condition","sex","Complications of surgery or device","Female",1166669.10406,235403.934359527
"Condition","sex","Congenital anomalies","Female",4334669.766138,960984.401364384
"Condition","sex","COPD, asthma","Female",110464081.951039,5572363.05410576
"Condition","sex","Diabetes mellitus","Female",55500010.774952,5586281.09954971
"Condition","sex","Disorders of mouth and esophagus","Female",1028026.679111,184735.360927626
"Condition","sex","Disorders of teeth and jaws","Female",6057269.333739,496892.569576953
"Condition","sex","Disorders of the upper GI","Female",20088894.885941,1291394.31823194
"Condition","sex","Epilepsy and convulsions","Female",6147010.704082,1166461.01421107
"Condition","sex","Female genital disorders, and contraception","Female",42297341.278926,2244733.32493995
"Condition","sex","Gallbladder, pancreatic, and liver disease","Female",7184428.19078,1125086.65147426
"Condition","sex","Glaucoma","Female",7204028.521988,882520.682733228
"Condition","sex","Headache","Female",18450587.364607,1959344.08121838
"Condition","sex","Heart disease","Female",56153416.469945,4809331.71088762
"Condition","sex","Hemorrhagic, coagulation, and disorders of White Blood cells","Female",2021389.5027,592241.780027629
"Condition","sex","Hereditary, degenerative and other nervous system disorders","Female",5078188.125209,890868.958252778
"Condition","sex","Hernias","Female",4385199.975626,584865.075418078
"Condition","sex","Hyperlipidemia","Female",18728451.859249,1316154.25770646
"Condition","sex","Hypertension","Female",88357931.55304,4858459.52210438
"Condition","sex","Infectious diseases","Female",25317483.321124,1836535.9454962
"Condition","sex","Influenza","Female",6529399.050896,665712.728638777
"Condition","sex","Intestinal infection","Female",11197095.389771,765760.765912537
"Condition","sex","Kidney Disease","Female",13249775.563683,3323833.76404197
"Condition","sex","Mental disorders","Female",97512521.012645,7517666.74763052
"Condition","sex","Non-malignant breast disease","Female",6471900.858456,689758.635554799
"Condition","sex","Non-malignant neoplasm","Female",5459408.236661,565410.696925115
"Condition","sex","Normal birth/live born","Female",48274898.425944,4169732.65160667
"Condition","sex","Osteoarthritis and other non-traumatic joint disorders","Female",64346800.340797,4432135.95945323
"Condition","sex","Other bone and musculoskeletal disease","Female",19320567.638571,3062369.04898767
"Condition","sex","Other care and screening","Female",48344193.537415,3280593.8318578
"Condition","sex","Other circulatory conditions arteries, veins, and lymphatics","Female",11039843.597099,1103087.35378425
"Condition","sex","Other CNS disorders","Female",31419173.493909,2792711.5700754
"Condition","sex","Other endocrine, nutritional & immune disorder","Female",23815662.886958,2036494.45919032
"Condition","sex","Other eye disorders","Female",19100786.68224,1373478.81297462
"Condition","sex","Other GI","Female",11729494.33474,1000770.45851105
"Condition","sex","Other stomach and intestinal disorders","Female",3290574.198179,521274.05299827
"Condition","sex","Other urinary","Female",6578857.378667,857837.146957123
"Condition","sex","Otitis media","Female",22587644.17584,2095075.25787608
"Condition","sex","Paralysis","Female",499054.193025,247848.184993673
"Condition","sex","Perinatal Conditions","Female",224280.242162,135396.701059925
"Condition","sex","Pneumonia","Female",7562716.375231,828093.01974753
"Condition","sex","Poisoning by medical and non-medical substances","Female",1922300.243318,284117.803464442
"Condition","sex","Residual Codes","Female",31864571.089207,2137676.96742922
"Condition","sex","Skin disorders","Female",38827942.176404,2429109.71813643
"Condition","sex","Symptoms","Female",8870378.029007,796395.769035741
"Condition","sex","Systemic lupus and connective tissues disorders","Female",39085901.643849,3273929.25865998
"Condition","sex","Thyroid disease","Female",32258503.807109,1934002.85499452
"Condition","sex","Tonsillitis","Female",2645402.096805,561311.87077064
"Condition","sex","Trauma-related disorders","Female",91896063.691311,6221450.66889827
"Condition","sex","Urinary tract infections","Female",14617308.347212,1013812.99029245
"Condition","education","Acute Bronchitis and URI","Less than high school",7472525.080541,651296.495030385
"Condition","education","Allergic reactions","Less than high school",1749916.316115,438105.235608817
"Condition","education","Anemia and other deficiencies","Less than high school",1965213.22283,607551.40070579
"Condition","education","Appendicitis","Less than high school",28286.062527,28286.062527
"Condition","education","Back problems","Less than high school",17489623.973693,2085469.81599324
"Condition","education","Cancer","Less than high school",17643547.662548,3756625.2344965
"Condition","education","Cataract","Less than high school",3657422.73493,636781.61341227
"Condition","education","Cerebrovascular disease","Less than high school",6899221.56705,1670391.20887914
"Condition","education","CNS infection","Less than high school",120290.669264,89766.4650739983
"Condition","education","Complications of pregnancy and birth","Less than high school",610705.685085,185447.24142651
"Condition","education","Complications of surgery or device","Less than high school",596337.437124,180182.300395555
"Condition","education","Congenital anomalies","Less than high school",683766.285169,329138.545785696
"Condition","education","COPD, asthma","Less than high school",32663789.41766,2574291.70387332
"Condition","education","Diabetes mellitus","Less than high school",33520386.129249,4341223.52657843
"Condition","education","Disorders of mouth and esophagus","Less than high school",303973.197087,79356.9146320524
"Condition","education","Disorders of teeth and jaws","Less than high school",2094131.3628,284149.902530718
"Condition","education","Disorders of the upper GI","Less than high school",7253806.971625,656254.226166858
"Condition","education","Epilepsy and convulsions","Less than high school",3387930.014622,658984.717541519
"Condition","education","Female genital disorders, and contraception","Less than high school",5722171.705927,630438.084473222
"Condition","education","Gallbladder, pancreatic, and liver disease","Less than high school",2902009.314465,710875.88423077
"Condition","education","Glaucoma","Less than high school",3981189.004948,686527.006125662
"Condition","education","Headache","Less than high school",3838372.346971,555928.29454356
"Condition","education","Heart disease","Less than high school",37739874.442888,3305987.02769981
"Condition","education","Hemorrhagic, coagulation, and disorders of White Blood cells","Less than high school",1555650.901931,479905.254397437
"Condition","education","Hereditary, degenerative and other nervous system disorders","Less than high school",1876531.260057,570703.630624534
"Condition","education","Hernias","Less than high school",2974820.077191,445641.561178153
"Condition","education","Hyperlipidemia","Less than high school",9728470.138295,968302.788734452
"Condition","education","Hypertension","Less than high school",44884914.39157,3172212.74270489
"Condition","education","Infectious diseases","Less than high school",8306108.674674,1356451.13249137
"Condition","education","Influenza","Less than high school",1694832.970597,328137.172596823
"Condition","education","Intestinal infection","Less than high school",2982039.419844,371246.262180912
"Condition","education","Kidney Disease","Less than high school",6976991.988823,2640029.13128157
"Condition","education","Male genital disorders","Less than high school",1964242.526754,434091.840717531
"Condition","education","Mental disorders","Less than high school",28991690.532334,4218736.84262841
"Condition","education","Non-malignant breast disease","Less than high school",930987.373398,243753.125461743
"Condition","education","Non-malignant neoplasm","Less than high school",1053078.725224,279938.490319153
"Condition","education","Normal birth/live born","Less than high school",8628971.491009,1135040.17467718
"Condition","education","Osteoarthritis and other non-traumatic joint disorders","Less than high school",23750710.539875,2208514.01100389
"Condition","education","Other bone and musculoskeletal disease","Less than high school",3390663.607699,566944.044694851
"Condition","education","Other care and screening","Less than high school",12700946.163325,1199930.61582612
"Condition","education","Other circulatory conditions arteries, veins, and lymphatics","Less than high school",7903150.522543,1171282.93222257
"Condition","education","Other CNS disorders","Less than high school",8284215.919531,911002.852094736
"Condition","education","Other endocrine, nutritional & immune disorder","Less than high school",9692636.263687,1048387.50367758
"Condition","education","Other eye disorders","Less than high school",5440806.510349,695902.25082826
"Condition","education","Other GI","Less than high school",5954512.805303,891790.776307373
"Condition","education","Other stomach and intestinal disorders","Less than high school",1204867.665236,307728.98923962
"Condition","education","Other urinary","Less than high school",2052970.565326,349060.8488775
"Condition","education","Otitis media","Less than high school",2192627.162214,330499.295165809
"Condition","education","Paralysis","Less than high school",383951.435005,218672.036432938
"Condition","education","Pneumonia","Less than high school",2567588.337029,385503.721198995
"Condition","education","Poisoning by medical and non-medical substances","Less than high school",335749.873254,90816.9455035488
"Condition","education","Residual Codes","Less than high school",15376501.63261,1354801.97485319
"Condition","education","Skin disorders","Less than high school",9981701.468044,912737.170607866
"Condition","education","Symptoms","Less than high school",2301139.495355,454284.943880674
"Condition","education","Systemic lupus and connective tissues disorders","Less than high school",9830111.831293,1160525.53122222
"Condition","education","Thyroid disease","Less than high school",8268255.157865,872880.348537646
"Condition","education","Tonsillitis","Less than high school",151458.63849,70014.010442977
"Condition","education","Trauma-related disorders","Less than high school",29764002.867547,3159301.8906582
"Condition","education","Urinary tract infections","Less than high school",4032466.712344,662460.623864951
"Condition","education","Acute Bronchitis and URI","High school",20251330.307746,1535177.16842383
"Condition","education","Allergic reactions","High school",3179956.931745,478937.753421845
"Condition","education","Anemia and other deficiencies","High school",2324819.891492,531427.22324458
"Condition","education","Appendicitis","High school",37178.752813,27804.3397624551
"Condition","education","Back problems","High school",34361478.488514,3383082.02556283
"Condition","education","Cancer","High school",23199035.035949,3123873.97808287
"Condition","education","Cataract","High school",5388022.745838,846193.102060835
"Condition","education","Cerebrovascular disease","High school",3493258.639234,626243.093095129
"Condition","education","CNS infection","High school",400270.246,199525.36482847
"Condition","education","Complications of pregnancy and birth","High school",803193.70974,364459.816573935
"Condition","education","Complications of surgery or device","High school",700424.490619,218021.208941206
"Condition","education","Congenital anomalies","High school",1580749.027725,518293.505878096
"Condition","education","COPD, asthma","High school",45675070.165576,3437796.44910652
"Condition","education","Diabetes mellitus","High school",32597030.984915,2613634.71151631
"Condition","education","Disorders of mouth and esophagus","High school",946948.124483,392810.435904602
"Condition","education","Disorders of teeth and jaws","High school",3364183.777166,341926.477389654
"Condition","education","Disorders of the upper GI","High school",10886792.740697,829493.421301871
"Condition","education","Epilepsy and convulsions","High school",3026894.824587,668019.76928295
"Condition","education","Female genital disorders, and contraception","High school",12904683.830081,1041910.96336882
"Condition","education","Gallbladder, pancreatic, and liver disease","High school",2547563.902645,551311.524350722
"Condition","education","Glaucoma","High school",4719563.934427,751255.490135406
"Condition","education","Headache","High school",8051371.369567,1256293.75341214
"Condition","education","Heart disease","High school",42408018.03962,3902887.38264363
"Condition","education","Hemorrhagic, coagulation, and disorders of White Blood cells","High school",1480981.562518,598127.88077713
"Condition","education","Hereditary, degenerative and other nervous system disorders","High school",3603346.005619,852187.692554114
"Condition","education","Hernias","High school",3239654.853789,600975.457055728
"Condition","education","Hyperlipidemia","High school",15891973.151254,1352967.02641067
"Condition","education","Hypertension","High school",55630830.811279,3046656.24668045
"Condition","education","Infectious diseases","High school",9247838.618218,1163074.22721118
"Condition","education","Influenza","High school",2530097.526289,366702.195524904
"Condition","education","Intestinal infection","High school",3921769.737261,428284.741548761
"Condition","education","Kidney Disease","High school",9275613.175053,2349321.66824931
"Condition","education","Male genital disorders","High school",2772859.29669,571285.848561073
"Condition","education","Mental disorders","High school",54772598.638665,10214551.2109286
"Condition","education","Non-malignant breast disease","High school",1324914.263017,303389.430398876
"Condition","education","Non-malignant neoplasm","High school",2365950.269759,409660.923031815
"Condition","education","Normal birth/live born","High school",13011978.32225,2106653.60530428
"Condition","education","Osteoarthritis and other non-traumatic joint disorders","High school",34783802.236459,3163873.95750478
"Condition","education","Other bone and musculoskeletal disease","High school",5830450.180652,754163.970203676
"Condition","education","Other care and screening","High school",21842633.309067,1581522.0409726
"Condition","education","Other circulatory conditions arteries, veins, and lymphatics","High school",7503152.923177,1227178.2920968
"Condition","education","Other CNS disorders","High school",15352051.616013,1717618.56784857
"Condition","education","Other endocrine, nutritional & immune disorder","High school",11599964.647185,1133953.55707489
"Condition","education","Other eye disorders","High school",8586117.990997,811367.21776773
"Condition","education","Other GI","High school",5890973.821606,639406.559382805
"Condition","education","Other stomach and intestinal disorders","High school",2568728.313407,670152.715015727
"Condition","education","Other urinary","High school",3401933.382856,569360.045428998
"Condition","education","Otitis media","High school",3523084.281852,739017.714170389
"Condition","education","Paralysis","High school",683543.567294,316183.143579236
"Condition","education","Pneumonia","High school",4934610.991467,719232.532073763
"Condition","education","Poisoning by medical and non-medical substances","High school",696547.420665,150274.513331811
"Condition","education","Residual Codes","High school",14945081.306392,1484917.02736145
"Condition","education","Skin disorders","High school",16869322.052747,1534055.80071723
"Condition","education","Symptoms","High school",3486858.366935,527494.919200283
"Condition","education","Systemic lupus and connective tissues disorders","High school",18214981.530364,2142481.66117215
"Condition","education","Thyroid disease","High school",13378356.636528,1198227.22787673
"Condition","education","Tonsillitis","High school",410709.871484,203172.578248862
"Condition","education","Trauma-related disorders","High school",44184810.868471,3970669.63499267
"Condition","education","Urinary tract infections","High school",5798258.326979,570197.345465231
"Condition","education","Acute Bronchitis and URI","Some college",28135118.440349,1723471.27113618
"Condition","education","Allergic reactions","Some college",8965634.848743,3251620.26422398
"Condition","education","Anemia and other deficiencies","Some college",1878511.815936,402875.424268264
"Condition","education","Appendicitis","Some college",122375.476301,77622.3698112408
"Condition","education","Back problems","Some college",44277421.335003,4269717.0282988
"Condition","education","Cancer","Some college",26842870.401797,3771707.61599824
"Condition","education","Cataract","Some college",5630540.124975,1161384.1190417
"Condition","education","Cerebrovascular disease","Some college",2690947.717326,688396.075036429
"Condition","education","CNS infection","Some college",156351.223448,104699.356314094
"Condition","education","Coma, brain damage","Some college",152446.21364,152446.21364
"Condition","education","Complications of pregnancy and birth","Some college",1536802.34397,485368.703738883
"Condition","education","Complications of surgery or device","Some college",695539.007978,129850.954563847
"Condition","education","Congenital anomalies","Some college",968701.053207,392430.466404029
"Condition","education","COPD, asthma","Some college",66803295.254175,5466338.38453756
"Condition","education","Diabetes mellitus","Some college",28896473.169928,3548390.46086877
"Condition","education","Disorders of mouth and esophagus","Some college",961835.015169,215801.659720965
"Condition","education","Disorders of teeth and jaws","Some college",3969091.275796,393263.053249636
"Condition","education","Disorders of the upper GI","Some college",12093180.639484,1055136.07462841
"Condition","education","Epilepsy and convulsions","Some college",2862851.047759,698169.053124849
"Condition","education","Female genital disorders, and contraception","Some college",22748284.115824,1492142.88731852
"Condition","education","Gallbladder, pancreatic, and liver disease","Some college",3742698.214486,764534.124442154
"Condition","education","Glaucoma","Some college",5408079.455806,810881.349942464
"Condition","education","Headache","Some college",10234006.459851,1241647.97500747
"Condition","education","Heart disease","Some college",34470060.155364,3521384.87160875
"Condition","education","Hemorrhagic, coagulation, and disorders of White Blood cells","Some college",779178.690863,259531.457088466
"Condition","education","Hereditary, degenerative and other nervous system disorders","Some college",2927347.989288,786098.337805182
"Condition","education","Hernias","Some college",3604790.625709,578294.762679278
"Condition","education","Hyperlipidemia","Some college",14222733.283185,1078313.12245187
"Condition","education","Hypertension","Some college",50433887.908409,3196409.69971792
"Condition","education","Infectious diseases","Some college",16871919.719315,1811392.04626246
"Condition","education","Influenza","Some college",4818534.263847,560397.091374323
"Condition","education","Intestinal infection","Some college",6381645.979944,581849.937854531
"Condition","education","Kidney Disease","Some college",5267135.932637,1513987.00894707
"Condition","education","Male genital disorders","Some college",3765447.800789,562073.18993102
"Condition","education","Mental disorders","Some college",58311750.015466,5221693.99168054
"Condition","education","Non-malignant breast disease","Some college",4328501.247032,589830.82249678
"Condition","education","Non-malignant neoplasm","Some college",4290505.144719,503166.130467347
"Condition","education","Normal birth/live born","Some college",25479444.775996,2795341.44051681
"Condition","education","Osteoarthritis and other non-traumatic joint disorders","Some college",31155307.085162,3111545.38387149
"Condition","education","Other bone and musculoskeletal disease","Some college",10492454.159089,2932284.68711575
"Condition","education","Other care and screening","Some college",28585868.437158,2633571.79950999
"Condition","education","Other circulatory conditions arteries, veins, and lymphatics","Some college",6871469.067172,888262.378463371
"Condition","education","Other CNS disorders","Some college",20116718.126251,2320041.1863182
"Condition","education","Other endocrine, nutritional & immune disorder","Some college",12873868.196224,1856334.53991109
"Condition","education","Other eye disorders","Some college",11621895.361076,1115943.74417669
"Condition","education","Other GI","Some college",7591469.418158,879119.10251275
"Condition","education","Other stomach and intestinal disorders","Some college",3328418.82444,734653.133828469
"Condition","education","Other urinary","Some college",4080231.938048,736154.859977599
"Condition","education","Otitis media","Some college",5297177.842932,816587.546053992
"Condition","education","Paralysis","Some college",188658.191586,132021.541420579
"Condition","education","Pneumonia","Some college",3427994.849675,555451.363725942
"Condition","education","Poisoning by medical and non-medical substances","Some college",1919611.663231,539221.512766069
"Condition","education","Residual Codes","Some college",17597190.443229,2151455.99277011
"Condition","education","Skin disorders","Some college",28717397.806508,2334048.08405817
"Condition","education","Symptoms","Some college",5023997.562032,872794.326839318
"Condition","education","Systemic lupus and connective tissues disorders","Some college",25541823.150451,2740370.1516441
"Condition","education","Thyroid disease","Some college",15063698.513186,1216008.92316103
"Condition","education","Tonsillitis","Some college",778251.555055,417080.443580086
"Condition","education","Trauma-related disorders","Some college",73714022.938584,6300357.61919627
"Condition","education","Urinary tract infections","Some college",5911804.238972,594229.344273089
"Condition","education","Acute Bronchitis and URI","Inapplicable (age < 18)",40008387.199648,2635641.8412721
"Condition","education","Allergic reactions","Inapplicable (age < 18)",4701973.997021,768376.389672943
"Condition","education","Anemia and other deficiencies","Inapplicable (age < 18)",428738.891918,133414.827157172
"Condition","education","Appendicitis","Inapplicable (age < 18)",346736.425521,134831.120377772
"Condition","education","Back problems","Inapplicable (age < 18)",2702376.81726,1454054.49470475
"Condition","education","Cancer","Inapplicable (age < 18)",588581.619811,251765.76718438
"Condition","education","Cataract","Inapplicable (age < 18)",41371.007552,24328.703081629
"Condition","education","Cerebrovascular disease","Inapplicable (age < 18)",14264.827585,12469.5728698252
"Condition","education","CNS infection","Inapplicable (age < 18)",318717.589202,228683.496896365
"Condition","education","Complications of pregnancy and birth","Inapplicable (age < 18)",108158.329748,100871.975170589
"Condition","education","Complications of surgery or device","Inapplicable (age < 18)",240545.701977,77970.9689028705
"Condition","education","Congenital anomalies","Inapplicable (age < 18)",6436386.533281,2708588.68619565
"Condition","education","COPD, asthma","Inapplicable (age < 18)",46539765.008144,3462019.62105931
"Condition","education","Diabetes mellitus","Inapplicable (age < 18)",385568.207947,189318.279242513
"Condition","education","Disorders of mouth and esophagus","Inapplicable (age < 18)",226591.776283,77712.9071830661
"Condition","education","Disorders of teeth and jaws","Inapplicable (age < 18)",1722447.690844,307391.853181525
"Condition","education","Disorders of the upper GI","Inapplicable (age < 18)",1860253.972782,334683.862422768
"Condition","education","Epilepsy and convulsions","Inapplicable (age < 18)",2870946.148362,967461.449712997
"Condition","education","Female genital disorders, and contraception","Inapplicable (age < 18)",1135474.398721,238593.657075939
"Condition","education","Gallbladder, pancreatic, and liver disease","Inapplicable (age < 18)",878978.042898,243744.191101649
"Condition","education","Glaucoma","Inapplicable (age < 18)",65292.527323,46174.4085068904
"Condition","education","Headache","Inapplicable (age < 18)",1022487.35679,237045.500961885
"Condition","education","Heart disease","Inapplicable (age < 18)",1781712.787041,667322.239835109
"Condition","education","Hemorrhagic, coagulation, and disorders of White Blood cells","Inapplicable (age < 18)",457171.818718,167512.904350234
"Condition","education","Hereditary, degenerative and other nervous system disorders","Inapplicable (age < 18)",65559.108893,37577.8232712921
"Condition","education","Hernias","Inapplicable (age < 18)",332074.409764,113293.493799409
"Condition","education","Hyperlipidemia","Inapplicable (age < 18)",35624.690643,21199.1438178083
"Condition","education","Hypertension","Inapplicable (age < 18)",72881.999068,47459.8414424644
"Condition","education","Infectious diseases","Inapplicable (age < 18)",11266871.329276,824253.851167753
"Condition","education","Influenza","Inapplicable (age < 18)",4254014.110536,536768.066586627
"Condition","education","Intestinal infection","Inapplicable (age < 18)",5889608.037229,475201.545115737
"Condition","education","Kidney Disease","Inapplicable (age < 18)",828682.71758,321581.901618647
"Condition","education","Male genital disorders","Inapplicable (age < 18)",280009.683415,140315.094869642
"Condition","education","Mental disorders","Inapplicable (age < 18)",34194630.518539,4241654.40661647
"Condition","education","Non-malignant breast disease","Inapplicable (age < 18)",85626.263531,43804.399391526
"Condition","education","Non-malignant neoplasm","Inapplicable (age < 18)",386871.872561,112718.403583949
"Condition","education","Normal birth/live born","Inapplicable (age < 18)",1041561.049597,371938.965879266
"Condition","education","Osteoarthritis and other non-traumatic joint disorders","Inapplicable (age < 18)",3280372.11772,1461052.40756747
"Condition","education","Other bone and musculoskeletal disease","Inapplicable (age < 18)",1532703.478344,391472.964749432
"Condition","education","Other care and screening","Inapplicable (age < 18)",8966872.688496,2049428.21512355
"Condition","education","Other circulatory conditions arteries, veins, and lymphatics","Inapplicable (age < 18)",177159.964359,68794.2427239344
"Condition","education","Other CNS disorders","Inapplicable (age < 18)",8970360.764844,2205789.23494218
"Condition","education","Other endocrine, nutritional & immune disorder","Inapplicable (age < 18)",3285166.960239,1366540.71336064
"Condition","education","Other eye disorders","Inapplicable (age < 18)",7197389.037,622212.219298856
"Condition","education","Other GI","Inapplicable (age < 18)",1774133.436914,360790.686007581
"Condition","education","Other stomach and intestinal disorders","Inapplicable (age < 18)",84691.920372,45924.8774272344
"Condition","education","Other urinary","Inapplicable (age < 18)",699577.832082,172942.418991563
"Condition","education","Otitis media","Inapplicable (age < 18)",34055344.893724,3268010.5343649
"Condition","education","Paralysis","Inapplicable (age < 18)",657618.173758,253242.206257684
"Condition","education","Perinatal Conditions","Inapplicable (age < 18)",375440.810804,163972.12386608
"Condition","education","Pneumonia","Inapplicable (age < 18)",3519387.156125,530967.09036639
"Condition","education","Poisoning by medical and non-medical substances","Inapplicable (age < 18)",797969.133717,237639.622860834
"Condition","education","Residual Codes","Inapplicable (age < 18)",2234720.604273,949846.672952612
"Condition","education","Skin disorders","Inapplicable (age < 18)",11431168.698901,1286828.03287327
"Condition","education","Symptoms","Inapplicable (age < 18)",3649554.032599,424990.110727847
"Condition","education","Systemic lupus and connective tissues disorders","Inapplicable (age < 18)",5276997.703468,3926808.78855668
"Condition","education","Thyroid disease","Inapplicable (age < 18)",863853.458676,316459.762706367
"Condition","education","Tonsillitis","Inapplicable (age < 18)",2620385.999974,473295.402101488
"Condition","education","Trauma-related disorders","Inapplicable (age < 18)",22222533.324493,1689847.67664279
"Condition","education","Urinary tract infections","Inapplicable (age < 18)",2215823.392896,401001.385435964
"Condition","education","Acute Bronchitis and URI","Missing",102552.385744,56507.2817781803
"Condition","education","Anemia and other deficiencies","Missing",26158.048182,26158.048182
"Condition","education","Back problems","Missing",155901.489616,94712.2133257097
"Condition","education","Cancer","Missing",486095.607188,269412.573032493
"Condition","education","Cataract","Missing",45305.648604,32873.6232786417
"Condition","education","Cerebrovascular disease","Missing",118713.723778,80438.2354610441
"Condition","education","Complications of surgery or device","Missing",66611.557845,66611.5578449999
"Condition","education","Congenital anomalies","Missing",206150.546099,145750.960276503
"Condition","education","COPD, asthma","Missing",1042370.340073,399408.886398815
"Condition","education","Diabetes mellitus","Missing",1896461.46518,521845.587802415
"Condition","education","Disorders of teeth and jaws","Missing",73795.594264,42585.8995379967
"Condition","education","Disorders of the upper GI","Missing",169092.098153,74762.9202293567
"Condition","education","Epilepsy and convulsions","Missing",212520.419847,128787.347430427
"Condition","education","Female genital disorders, and contraception","Missing",78529.789558,47800.4189823729
"Condition","education","Gallbladder, pancreatic, and liver disease","Missing",16618.72558,16618.72558
"Condition","education","Glaucoma","Missing",226580.533099,184701.394400134
"Condition","education","Heart disease","Missing",3023503.288201,1619430.67341963
"Condition","education","Hernias","Missing",48025.121338,34021.1606530639
"Condition","education","Hyperlipidemia","Missing",74039.322797,64462.4716907348
"Condition","education","Hypertension","Missing",1890285.193656,499423.623095618
"Condition","education","Infectious diseases","Missing",31723.265928,31723.265928
"Condition","education","Influenza","Missing",17257.86328,12834.8214073748
"Condition","education","Intestinal infection","Missing",10425.492899,10425.492899
"Condition","education","Kidney Disease","Missing",24075.373751,24075.373751
"Condition","education","Male genital disorders","Missing",120146.140406,66970.2569216572
"Condition","education","Mental disorders","Missing",2193778.49853,622602.009859102
"Condition","education","Non-malignant neoplasm","Missing",7823.75463,7823.75463
"Condition","education","Normal birth/live born","Missing",173882.795017,110825.771072767
"Condition","education","Osteoarthritis and other non-traumatic joint disorders","Missing",650504.608539,300793.414296243
"Condition","education","Other bone and musculoskeletal disease","Missing",50324.845056,50324.845056
"Condition","education","Other care and screening","Missing",365467.759698,230056.910327891
"Condition","education","Other circulatory conditions arteries, veins, and lymphatics","Missing",331496.482168,235205.397101668
"Condition","education","Other CNS disorders","Missing",647793.55764,417069.765927028
"Condition","education","Other endocrine, nutritional & immune disorder","Missing",291747.857307,161488.305549715
"Condition","education","Other eye disorders","Missing",40202.642464,28564.1356507877
"Condition","education","Other GI","Missing",110157.368532,52899.4215866694
"Condition","education","Other stomach and intestinal disorders","Missing",147391.858004,118316.747709111
"Condition","education","Other urinary","Missing",13936.389084,13936.389084
"Condition","education","Otitis media","Missing",24661.838004,24661.838004
"Condition","education","Pneumonia","Missing",31806.914949,31806.914949
"Condition","education","Poisoning by medical and non-medical substances","Missing",33799.933435,25920.3613174507
"Condition","education","Residual Codes","Missing",330606.752382,135442.048324513
"Condition","education","Skin disorders","Missing",243942.522712,123497.021209426
"Condition","education","Symptoms","Missing",10355.206496,10355.206496
"Condition","education","Systemic lupus and connective tissues disorders","Missing",223140.119767,92235.2822310511
"Condition","education","Thyroid disease","Missing",176947.233607,104796.710147864
"Condition","education","Trauma-related disorders","Missing",354439.926595,129328.058056848
"Condition","education","Urinary tract infections","Missing",94379.096428,77779.6507612863
"Condition","employed","Acute Bronchitis and URI","Employed",40738055.414108,2110776.80760274
"Condition","employed","Allergic reactions","Employed",10539655.142291,3299231.07194983
"Condition","employed","Anemia and other deficiencies","Employed",2724093.478334,617697.988414606
"Condition","employed","Appendicitis","Employed",190429.36641,90536.7695928143
"Condition","employed","Back problems","Employed",58431462.252319,4755169.4237265
"Condition","employed","Cancer","Employed",21533129.245662,3200145.20460482
"Condition","employed","Cataract","Employed",1473199.51773,376287.566549087
"Condition","employed","Cerebrovascular disease","Employed",2148689.056244,848101.615898261
"Condition","employed","CNS infection","Employed",181579.716088,137168.464185684
"Condition","employed","Coma, brain damage","Employed",152446.21364,152446.21364
"Condition","employed","Complications of pregnancy and birth","Employed",1359971.211962,406474.40384408
"Condition","employed","Complications of surgery or device","Employed",740011.399341,143271.380101851
"Condition","employed","Congenital anomalies","Employed",2269634.709507,654699.771261828
"Condition","employed","COPD, asthma","Employed",85205191.999815,6089474.21299348
"Condition","employed","Diabetes mellitus","Employed",31533210.13859,3256927.73808953
"Condition","employed","Disorders of mouth and esophagus","Employed",866584.547425,172837.251293831
"Condition","employed","Disorders of teeth and jaws","Employed",6223208.894775,462793.367423848
"Condition","employed","Disorders of the upper GI","Employed",15703770.942627,1121120.05461574
"Condition","employed","Epilepsy and convulsions","Employed",2766685.727595,553690.797704103
"Condition","employed","Female genital disorders, and contraception","Employed",28692450.484748,1831670.66669184
"Condition","employed","Gallbladder, pancreatic, and liver disease","Employed",3672443.555069,599990.598680028
"Condition","employed","Glaucoma","Employed",2959626.638859,498437.091360907
"Condition","employed","Headache","Employed",14718970.667802,1826306.69216007
"Condition","employed","Heart disease","Employed",29862392.169065,3517175.7844808
"Condition","employed","Hemorrhagic, coagulation, and disorders of White Blood cells","Employed",905428.799433,294052.891702835
"Condition","employed","Hereditary, degenerative and other nervous system disorders","Employed",988141.168557,309852.730237244
"Condition","employed","Hernias","Employed",4594337.970224,584718.522590062
"Condition","employed","Hyperlipidemia","Employed",16262790.842283,1198341.6317182
"Condition","employed","Hypertension","Employed",57699050.018345,3038362.81962455
"Condition","employed","Infectious diseases","Employed",18214373.912248,1575026.01523829
"Condition","employed","Influenza","Employed",6539644.732975,633988.541208833
"Condition","employed","Intestinal infection","Employed",8880153.791538,724736.950837839
"Condition","employed","Kidney Disease","Employed",4264976.704272,614859.289924915
"Condition","employed","Male genital disorders","Employed",3425500.478515,511651.544985412
"Condition","employed","Mental disorders","Employed",64480881.968341,8706174.92990146
"Condition","employed","Non-malignant breast disease","Employed",4486522.214062,601613.293190084
"Condition","employed","Non-malignant neoplasm","Employed",5628496.033752,585953.184796343
"Condition","employed","Normal birth/live born","Employed",30027802.917259,3502608.86305477
"Condition","employed","Osteoarthritis and other non-traumatic joint disorders","Employed",30581393.35564,2836919.97400773
"Condition","employed","Other bone and musculoskeletal disease","Employed",5941385.280755,800805.252197286
"Condition","employed","Other care and screening","Employed",28745643.164277,2294924.63395467
"Condition","employed","Other circulatory conditions arteries, veins, and lymphatics","Employed",6860705.758383,1078374.71191727
"Condition","employed","Other CNS disorders","Employed",22937125.877291,2348301.46958763
"Condition","employed","Other endocrine, nutritional & immune disorder","Employed",13372473.750702,1649876.9927808
"Condition","employed","Other eye disorders","Employed",11988568.698197,1051606.46926611
"Condition","employed","Other GI","Employed",8609663.562273,924659.488646661
"Condition","employed","Other stomach and intestinal disorders","Employed",3852925.476454,826266.94833223
"Condition","employed","Other urinary","Employed",2492573.328314,485598.374859017
"Condition","employed","Otitis media","Employed",7964072.258152,982756.842751403
"Condition","employed","Paralysis","Employed",453794.298682,265905.418731082
"Condition","employed","Pneumonia","Employed",5132634.680255,680987.210842762
"Condition","employed","Poisoning by medical and non-medical substances","Employed",2062996.478502,548293.650555652
"Condition","employed","Residual Codes","Employed",16009111.050681,1428925.65979209
"Condition","employed","Skin disorders","Employed",33197243.993823,2577538.58868039
"Condition","employed","Symptoms","Employed",5924806.753691,936367.882689915
"Condition","employed","Systemic lupus and connective tissues disorders","Employed",26164141.895999,2662842.02738849
"Condition","employed","Thyroid disease","Employed",16997547.5356,1460681.64384554
"Condition","employed","Tonsillitis","Employed",849393.959315,386074.765618666
"Condition","employed","Trauma-related disorders","Employed",102217803.885488,6901062.40535185
"Condition","employed","Urinary tract infections","Employed",7502517.035577,691095.243235012
"Condition","employed","Acute Bronchitis and URI","Not employed",17599627.422237,1230084.35877104
"Condition","employed","Allergic reactions","Not employed",3975704.50739,539029.811445576
"Condition","employed","Anemia and other deficiencies","Not employed",3470609.500106,643183.148196316
"Condition","employed","Appendicitis","Not employed",106214.011944,68159.0990817129
"Condition","employed","Back problems","Not employed",40059913.343776,3803547.34177876
"Condition","employed","Cancer","Not employed",46638419.46182,5244492.66026576
"Condition","employed","Cataract","Not employed",13248091.736617,1580724.45024509
"Condition","employed","Cerebrovascular disease","Not employed",11065768.999272,1791399.08885344
"Condition","employed","CNS infection","Not employed",529320.304756,201357.563284341
"Condition","employed","Complications of pregnancy and birth","Not employed",1590730.526833,500033.393900258
"Condition","employed","Complications of surgery or device","Not employed",1370608.833121,269219.114029566
"Condition","employed","Congenital anomalies","Not employed",1487465.528436,337586.721011192
"Condition","employed","COPD, asthma","Not employed",65488174.92326,4006744.12529281
"Condition","employed","Diabetes mellitus","Not employed",65465554.710156,5590496.16345054
"Condition","employed","Disorders of mouth and esophagus","Not employed",1367014.417529,428600.427353475
"Condition","employed","Disorders of teeth and jaws","Not employed",3761991.773153,417734.907516975
"Condition","employed","Disorders of the upper GI","Not employed",15001438.11339,1217227.40636222
"Condition","employed","Epilepsy and convulsions","Not employed",7099454.856367,989614.551113488
"Condition","employed","Female genital disorders, and contraception","Not employed",13346947.479613,1048754.68202095
"Condition","employed","Gallbladder, pancreatic, and liver disease","Not employed",5580180.815117,1031639.68981179
"Condition","employed","Glaucoma","Not employed",11375786.289421,1233259.71994678
"Condition","employed","Headache","Not employed",7916887.067715,838915.993836214
"Condition","employed","Heart disease","Not employed",87790309.797448,6465567.61277287
"Condition","employed","Hemorrhagic, coagulation, and disorders of White Blood cells","Not employed",2910382.355879,757891.112710048
"Condition","employed","Hereditary, degenerative and other nervous system disorders","Not employed",7419084.086407,1156476.9446872
"Condition","employed","Hernias","Not employed",5296173.360528,688753.76492002
"Condition","employed","Hyperlipidemia","Not employed",23665222.459234,1742461.14455158
"Condition","employed","Hypertension","Not employed",95142211.038833,5501043.76614436
"Condition","employed","Infectious diseases","Not employed",17442713.095124,2088276.10111864
"Condition","employed","Influenza","Not employed",2909483.22002,401112.057109726
"Condition","employed","Intestinal infection","Not employed",5214043.762836,519613.765348209
"Condition","employed","Kidney Disease","Not employed",17454522.7801,3621079.44842802
"Condition","employed","Male genital disorders","Not employed",5223898.702963,720294.015905454
"Condition","employed","Mental disorders","Not employed",83786847.5853,8756565.99680007
"Condition","employed","Non-malignant breast disease","Not employed",2120782.952366,364181.864811939
"Condition","employed","Non-malignant neoplasm","Not employed",2243666.777702,358519.304936737
"Condition","employed","Normal birth/live born","Not employed",17998345.344384,2149379.20322862
"Condition","employed","Osteoarthritis and other non-traumatic joint disorders","Not employed",60369918.398017,4246451.91297873
"Condition","employed","Other bone and musculoskeletal disease","Not employed",13911822.816334,2934384.98392971
"Condition","employed","Other care and screening","Not employed",36732408.921075,2872641.80419796
"Condition","employed","Other circulatory conditions arteries, veins, and lymphatics","Not employed",15782125.034067,1686581.6906053
"Condition","employed","Other CNS disorders","Not employed",21827445.836655,1990591.13353275
"Condition","employed","Other endocrine, nutritional & immune disorder","Not employed",21295687.082548,1578521.96759774
"Condition","employed","Other eye disorders","Not employed",14319454.679613,1231665.77251528
"Condition","employed","Other GI","Not employed",10937449.851326,1101492.51922748
"Condition","employed","Other stomach and intestinal disorders","Not employed",3396481.184633,634164.496347858
"Condition","employed","Other urinary","Not employed",7056498.947,881113.805398949
"Condition","employed","Otitis media","Not employed",4002903.742418,543530.240135748
"Condition","employed","Paralysis","Not employed",918751.768091,329988.763565084
"Condition","employed","Perinatal Conditions","Not employed",3816.937622,3816.937622
"Condition","employed","Pneumonia","Not employed",5958353.904863,676923.615659998
"Condition","employed","Poisoning by medical and non-medical substances","Not employed",986854.373188,171159.144147587
"Condition","employed","Residual Codes","Not employed",32401287.041489,2669064.07651195
"Condition","employed","Skin disorders","Not employed",27008486.884819,1886526.38946634
"Condition","employed","Symptoms","Not employed",5296831.520781,521053.437569156
"Condition","employed","Systemic lupus and connective tissues disorders","Not employed",28256219.966267,2422352.99219919
"Condition","employed","Thyroid disease","Not employed",20195097.301288,1406888.92208799
"Condition","employed","Tonsillitis","Not employed",646700.088953,290978.931807091
"Condition","employed","Trauma-related disorders","Not employed",50499553.721687,4040533.61588653
"Condition","employed","Urinary tract infections","Not employed",8656771.618174,924048.772290669
"Condition","employed","Acute Bronchitis and URI","Inapplicable (age < 16)",37632230.577683,2632037.42940281
"Condition","employed","Allergic reactions","Inapplicable (age < 16)",4082122.443943,696100.419490783
"Condition","employed","Anemia and other deficiencies","Inapplicable (age < 16)",428738.891918,133414.827157172
"Condition","employed","Appendicitis","Inapplicable (age < 16)",237933.338808,113733.35713155
"Condition","employed","Back problems","Inapplicable (age < 16)",495426.507991,199083.86102613
"Condition","employed","Cancer","Inapplicable (age < 16)",588581.619811,251765.76718438
"Condition","employed","Cataract","Inapplicable (age < 16)",41371.007552,24328.703081629
"Condition","employed","Cerebrovascular disease","Inapplicable (age < 16)",1948.419457,1948.419457
"Condition","employed","CNS infection","Inapplicable (age < 16)",284729.70707,226143.683575136
"Condition","employed","Complications of pregnancy and birth","Inapplicable (age < 16)",108158.329748,100871.975170589
"Condition","employed","Complications of surgery or device","Inapplicable (age < 16)",188837.963081,68239.8349981683
"Condition","employed","Congenital anomalies","Inapplicable (age < 16)",6118653.207538,2700578.72261616
"Condition","employed","COPD, asthma","Inapplicable (age < 16)",42030923.262553,3029145.47891655
"Condition","employed","Diabetes mellitus","Inapplicable (age < 16)",297155.108473,179921.635966764
"Condition","employed","Disorders of mouth and esophagus","Inapplicable (age < 16)",205749.148068,76274.4164157986
"Condition","employed","Disorders of teeth and jaws","Inapplicable (age < 16)",1238449.032942,212551.112994899
"Condition","employed","Disorders of the upper GI","Inapplicable (age < 16)",1557917.366724,303972.754734932
"Condition","employed","Epilepsy and convulsions","Inapplicable (age < 16)",2495001.871215,944274.374351367
"Condition","employed","Female genital disorders, and contraception","Inapplicable (age < 16)",472389.282495,128657.803825353
"Condition","employed","Gallbladder, pancreatic, and liver disease","Inapplicable (age < 16)",835243.829888,241643.630758195
"Condition","employed","Glaucoma","Inapplicable (age < 16)",65292.527323,46174.4085068904
"Condition","employed","Headache","Inapplicable (age < 16)",510379.797662,147004.204578135
"Condition","employed","Heart disease","Inapplicable (age < 16)",1770466.746601,667292.907206238
"Condition","employed","Hemorrhagic, coagulation, and disorders of White Blood cells","Inapplicable (age < 16)",457171.818718,167512.904350234
"Condition","employed","Hereditary, degenerative and other nervous system disorders","Inapplicable (age < 16)",65559.108893,37577.8232712921
"Condition","employed","Hernias","Inapplicable (age < 16)",308853.757039,110888.308780961
"Condition","employed","Hyperlipidemia","Inapplicable (age < 16)",24827.284657,18356.4043129841
"Condition","employed","Hypertension","Inapplicable (age < 16)",71539.246804,47440.842805555
"Condition","employed","Infectious diseases","Inapplicable (age < 16)",10037884.349407,786156.822998035
"Condition","employed","Influenza","Inapplicable (age < 16)",3865608.781554,526485.12529231
"Condition","employed","Intestinal infection","Inapplicable (age < 16)",5091291.112803,452438.419948114
"Condition","employed","Kidney Disease","Inapplicable (age < 16)",652999.703472,285159.16829697
"Condition","employed","Male genital disorders","Inapplicable (age < 16)",253306.266576,137750.692838182
"Condition","employed","Mental disorders","Inapplicable (age < 16)",30196718.649893,4071613.51033053
"Condition","employed","Non-malignant breast disease","Inapplicable (age < 16)",62723.98055,37340.4718811978
"Condition","employed","Non-malignant neoplasm","Inapplicable (age < 16)",232066.955439,92762.4982747406
"Condition","employed","Normal birth/live born","Inapplicable (age < 16)",298661.381998,119441.09415319
"Condition","employed","Osteoarthritis and other non-traumatic joint disorders","Inapplicable (age < 16)",2669384.834098,1434230.28351622
"Condition","employed","Other bone and musculoskeletal disease","Inapplicable (age < 16)",1443388.173751,388507.802568259
"Condition","employed","Other care and screening","Inapplicable (age < 16)",6983736.272392,1612358.64726609
"Condition","employed","Other circulatory conditions arteries, veins, and lymphatics","Inapplicable (age < 16)",143598.166969,60052.0906206619
"Condition","employed","Other CNS disorders","Inapplicable (age < 16)",8606568.270333,2194369.05955432
"Condition","employed","Other endocrine, nutritional & immune disorder","Inapplicable (age < 16)",3075223.091392,1361362.10105804
"Condition","employed","Other eye disorders","Inapplicable (age < 16)",6507818.47136,591808.505820139
"Condition","employed","Other GI","Inapplicable (age < 16)",1774133.436914,360790.686007581
"Condition","employed","Other stomach and intestinal disorders","Inapplicable (age < 16)",84691.920372,45924.8774272344
"Condition","employed","Other urinary","Inapplicable (age < 16)",699577.832082,172942.418991563
"Condition","employed","Otitis media","Inapplicable (age < 16)",33125920.018156,3250751.25863023
"Condition","employed","Paralysis","Inapplicable (age < 16)",541225.30087,224909.568874109
"Condition","employed","Perinatal Conditions","Inapplicable (age < 16)",371623.873182,163927.692573106
"Condition","employed","Pneumonia","Inapplicable (age < 16)",3390399.664127,528694.636165273
"Condition","employed","Poisoning by medical and non-medical substances","Inapplicable (age < 16)",733827.172612,235711.049885007
"Condition","employed","Residual Codes","Inapplicable (age < 16)",2073702.646716,946848.185914012
"Condition","employed","Skin disorders","Inapplicable (age < 16)",6971574.18661,707978.934158794
"Condition","employed","Symptoms","Inapplicable (age < 16)",3250266.388945,406229.815793316
"Condition","employed","Systemic lupus and connective tissues disorders","Inapplicable (age < 16)",4666692.473077,3902620.55958153
"Condition","employed","Thyroid disease","Inapplicable (age < 16)",558466.162974,285337.935529382
"Condition","employed","Tonsillitis","Inapplicable (age < 16)",2464712.016735,460821.99776308
"Condition","employed","Trauma-related disorders","Inapplicable (age < 16)",17522452.318515,1380511.42478396
"Condition","employed","Urinary tract infections","Inapplicable (age < 16)",1893443.113868,388895.28525888
"Condition","employed","Female genital disorders, and contraception","Missing",77356.593255,77356.593255
"Condition","employed","Infectious diseases","Missing",29490.250632,29490.250632
"Condition","employed","Normal birth/live born","Missing",11028.790228,11028.790228
"Condition","employed","Other eye disorders","Missing",70569.692716,70569.692716
"Condition","employed","Skin disorders","Missing",66227.48366,46930.4505168104
"Condition","insurance","Acute Bronchitis and URI","Any private, all ages",79393329.456478,3748858.48369915
"Condition","insurance","Allergic reactions","Any private, all ages",15836697.661551,3383288.10054373
"Condition","insurance","Anemia and other deficiencies","Any private, all ages",3892668.297311,556491.270780524
"Condition","insurance","Appendicitis","Any private, all ages",457811.396024,155465.538119978
"Condition","insurance","Back problems","Any private, all ages",73735440.27526,4466403.74319251
"Condition","insurance","Cancer","Any private, all ages",50175156.016458,5164777.73857974
"Condition","insurance","Cataract","Any private, all ages",9055133.362242,1181235.31100771
"Condition","insurance","Cerebrovascular disease","Any private, all ages",8078051.624981,1708045.98623193
"Condition","insurance","CNS infection","Any private, all ages",857624.399243,347191.221694385
"Condition","insurance","Coma, brain damage","Any private, all ages",152446.21364,152446.21364
"Condition","insurance","Complications of pregnancy and birth","Any private, all ages",2176350.636017,604407.626565479
"Condition","insurance","Complications of surgery or device","Any private, all ages",1520953.245241,296223.586746219
"Condition","insurance","Congenital anomalies","Any private, all ages",7086371.179738,2645718.04877333
"Condition","insurance","COPD, asthma","Any private, all ages",141888442.430752,7471562.60749585
"Condition","insurance","Diabetes mellitus","Any private, all ages",56486024.430004,4352261.82209882
"Condition","insurance","Disorders of mouth and esophagus","Any private, all ages",2046222.168627,456719.920781557
"Condition","insurance","Disorders of teeth and jaws","Any private, all ages",8592444.410193,634537.173116148
"Condition","insurance","Disorders of the upper GI","Any private, all ages",22988034.894641,1423693.80331764
"Condition","insurance","Epilepsy and convulsions","Any private, all ages",6103327.573509,1235946.03598341
"Condition","insurance","Female genital disorders, and contraception","Any private, all ages",35410864.262005,2079025.83954694
"Condition","insurance","Gallbladder, pancreatic, and liver disease","Any private, all ages",6451030.862728,928042.867770622
"Condition","insurance","Glaucoma","Any private, all ages",9489762.877731,1097570.00457293
"Condition","insurance","Headache","Any private, all ages",17912581.535195,1946980.14620854
"Condition","insurance","Heart disease","Any private, all ages",72105009.648317,5334186.01199782
"Condition","insurance","Hemorrhagic, coagulation, and disorders of White Blood cells","Any private, all ages",2823999.756307,639986.519914027
"Condition","insurance","Hereditary, degenerative and other nervous system disorders","Any private, all ages",5298625.939066,1065055.4692093
"Condition","insurance","Hernias","Any private, all ages",7182603.788132,771984.154228795
"Condition","insurance","Hyperlipidemia","Any private, all ages",30097507.664685,1751604.80139042
"Condition","insurance","Hypertension","Any private, all ages",97799043.059236,4617522.25492444
"Condition","insurance","Infectious diseases","Any private, all ages",34291777.170936,2337742.32847321
"Condition","insurance","Influenza","Any private, all ages",10521015.728028,920893.98771444
"Condition","insurance","Intestinal infection","Any private, all ages",14547567.601136,969997.616501048
"Condition","insurance","Kidney Disease","Any private, all ages",12500331.591362,2430922.70266541
"Condition","insurance","Male genital disorders","Any private, all ages",6599924.76385,846369.378025101
"Condition","insurance","Mental disorders","Any private, all ages",111185598.70479,11086443.2217754
"Condition","insurance","Non-malignant breast disease","Any private, all ages",5822035.389597,654578.09453339
"Condition","insurance","Non-malignant neoplasm","Any private, all ages",6955876.83646,642304.009815367
"Condition","insurance","Normal birth/live born","Any private, all ages",36600406.901101,3765403.26712166
"Condition","insurance","Osteoarthritis and other non-traumatic joint disorders","Any private, all ages",58673187.742062,3900585.25723152
"Condition","insurance","Other bone and musculoskeletal disease","Any private, all ages",17180632.91944,3025538.68877623
"Condition","insurance","Other care and screening","Any private, all ages",54556269.193931,4211940.90320923
"Condition","insurance","Other circulatory conditions arteries, veins, and lymphatics","Any private, all ages",17297967.144345,1867481.25070865
"Condition","insurance","Other CNS disorders","Any private, all ages",40319875.950781,3292154.91879954
"Condition","insurance","Other endocrine, nutritional & immune disorder","Any private, all ages",27883019.080046,2125902.54709796
"Condition","insurance","Other eye disorders","Any private, all ages",24605653.770252,1707088.53671479
"Condition","insurance","Other GI","Any private, all ages",14015459.963439,1133551.98272122
"Condition","insurance","Other stomach and intestinal disorders","Any private, all ages",5578559.09538,1019289.74296008
"Condition","insurance","Other urinary","Any private, all ages",6680240.021333,851504.646649497
"Condition","insurance","Otitis media","Any private, all ages",36903294.696002,3567451.09106055
"Condition","insurance","Paralysis","Any private, all ages",771827.246536,295818.515704094
"Condition","insurance","Perinatal Conditions","Any private, all ages",267849.123858,142618.763413925
"Condition","insurance","Pneumonia","Any private, all ages",10763667.773707,1015500.04136922
"Condition","insurance","Poisoning by medical and non-medical substances","Any private, all ages",3021066.711993,599218.862175549
"Condition","insurance","Residual Codes","Any private, all ages",32670558.691838,2411667.9806569
"Condition","insurance","Skin disorders","Any private, all ages",52972407.753286,3078925.53498242
"Condition","insurance","Symptoms","Any private, all ages",11015733.938278,1146586.73545047
"Condition","insurance","Systemic lupus and connective tissues disorders","Any private, all ages",45416380.07278,5005435.76801322
"Condition","insurance","Thyroid disease","Any private, all ages",27874173.916381,1870877.9312919
"Condition","insurance","Tonsillitis","Any private, all ages",3016410.218024,616647.402371529
"Condition","insurance","Trauma-related disorders","Any private, all ages",129437387.781662,7944897.84742069
"Condition","insurance","Urinary tract infections","Any private, all ages",12510611.258675,950874.283506269
"Condition","insurance","Acute Bronchitis and URI","Public only, all ages",13299763.909466,1380715.57918084
"Condition","insurance","Allergic reactions","Public only, all ages",1957894.349918,334544.760006429
"Condition","insurance","Anemia and other deficiencies","Public only, all ages",2621620.244066,712180.507395742
"Condition","insurance","Appendicitis","Public only, all ages",10678.177571,7652.12557743971
"Condition","insurance","Back problems","Public only, all ages",19061687.746818,3236104.79284735
"Condition","insurance","Cancer","Public only, all ages",16845651.340564,3077379.80784725
"Condition","insurance","Cataract","Public only, all ages",5652570.554299,1144066.27591001
"Condition","insurance","Cerebrovascular disease","Public only, all ages",4951514.075137,859002.646524861
"Condition","insurance","CNS infection","Public only, all ages",119770.409231,65752.1463474853
"Condition","insurance","Complications of pregnancy and birth","Public only, all ages",667666.504871,230083.796362945
"Condition","insurance","Complications of surgery or device","Public only, all ages",546130.131729,154124.878808771
"Condition","insurance","Congenital anomalies","Public only, all ages",2279294.924687,984707.178072918
"Condition","insurance","COPD, asthma","Public only, all ages",43370668.979837,3337150.06183451
"Condition","insurance","Diabetes mellitus","Public only, all ages",37310740.227936,5023075.67316345
"Condition","insurance","Disorders of mouth and esophagus","Public only, all ages",307710.192378,112129.328761657
"Condition","insurance","Disorders of teeth and jaws","Public only, all ages",1690603.462024,246376.526808807
"Condition","insurance","Disorders of the upper GI","Public only, all ages",7983616.370075,822568.116212745
"Condition","insurance","Epilepsy and convulsions","Public only, all ages",5760550.448571,991921.93398868
"Condition","insurance","Female genital disorders, and contraception","Public only, all ages",4838432.671577,605735.958562908
"Condition","insurance","Gallbladder, pancreatic, and liver disease","Public only, all ages",2253782.670849,493607.674782363
"Condition","insurance","Glaucoma","Public only, all ages",4403685.95756,821585.724945026
"Condition","insurance","Headache","Public only, all ages",3748775.054471,537020.251723748
"Condition","insurance","Heart disease","Public only, all ages",44087752.243459,4681755.09162514
"Condition","insurance","Hemorrhagic, coagulation, and disorders of White Blood cells","Public only, all ages",1392800.461109,524110.599390923
"Condition","insurance","Hereditary, degenerative and other nervous system disorders","Public only, all ages",3158137.753298,545913.594178085
"Condition","insurance","Hernias","Public only, all ages",2554473.431337,527181.282965566
"Condition","insurance","Hyperlipidemia","Public only, all ages",8592116.589461,960801.91873327
"Condition","insurance","Hypertension","Public only, all ages",50016494.03464,4407074.80075954
"Condition","insurance","Infectious diseases","Public only, all ages",8808209.207826,1386033.91321484
"Condition","insurance","Influenza","Public only, all ages",1882932.781231,335186.814329975
"Condition","insurance","Intestinal infection","Public only, all ages",3139324.46421,408016.12262855
"Condition","insurance","Kidney Disease","Public only, all ages",8908079.101295,2930310.48396911
"Condition","insurance","Male genital disorders","Public only, all ages",1971754.314517,347878.356537255
"Condition","insurance","Mental disorders","Public only, all ages",60779200.11945,8002954.51601259
"Condition","insurance","Non-malignant breast disease","Public only, all ages",735219.646943,187007.895648542
"Condition","insurance","Non-malignant neoplasm","Public only, all ages",833926.767595,280074.406092307
"Condition","insurance","Normal birth/live born","Public only, all ages",10027145.063684,1596142.45857734
"Condition","insurance","Osteoarthritis and other non-traumatic joint disorders","Public only, all ages",32132977.437635,3531948.07642269
"Condition","insurance","Other bone and musculoskeletal disease","Public only, all ages",3803401.365363,593574.935922168
"Condition","insurance","Other care and screening","Public only, all ages",15543706.171085,1741511.84541824
"Condition","insurance","Other circulatory conditions arteries, veins, and lymphatics","Public only, all ages",4953111.768657,685802.123381518
"Condition","insurance","Other CNS disorders","Public only, all ages",10847078.464088,1382569.40261058
"Condition","insurance","Other endocrine, nutritional & immune disorder","Public only, all ages",8855094.586097,1545848.21276923
"Condition","insurance","Other eye disorders","Public only, all ages",7020644.729605,790116.808088841
"Condition","insurance","Other GI","Public only, all ages",6652349.886828,952472.454667718
"Condition","insurance","Other stomach and intestinal disorders","Public only, all ages",1430890.733541,363775.083115783
"Condition","insurance","Other urinary","Public only, all ages",3337497.483798,674459.266348769
"Condition","insurance","Otitis media","Public only, all ages",6578675.673049,670500.323063045
"Condition","insurance","Paralysis","Public only, all ages",1035846.848603,364629.499640196
"Condition","insurance","Perinatal Conditions","Public only, all ages",26459.534492,25233.1498539196
"Condition","insurance","Pneumonia","Public only, all ages",3359374.621121,473175.351298975
"Condition","insurance","Poisoning by medical and non-medical substances","Public only, all ages",594202.089653,138344.465281024
"Condition","insurance","Residual Codes","Public only, all ages",15014620.484739,1420999.18445737
"Condition","insurance","Skin disorders","Public only, all ages",12229211.735199,1327498.45642584
"Condition","insurance","Symptoms","Public only, all ages",2904756.902999,388855.285631522
"Condition","insurance","Systemic lupus and connective tissues disorders","Public only, all ages",11377881.423847,1421773.9293069
"Condition","insurance","Thyroid disease","Public only, all ages",8226291.900555,898338.777827512
"Condition","insurance","Tonsillitis","Public only, all ages",707976.679331,236421.127831338
"Condition","insurance","Trauma-related disorders","Public only, all ages",25159490.636418,2827742.28613795
"Condition","insurance","Urinary tract infections","Public only, all ages",4386404.944103,677973.345579217
"Condition","insurance","Acute Bronchitis and URI","Uninsured, all ages",3276820.048084,402271.33073181
"Condition","insurance","Allergic reactions","Uninsured, all ages",802890.082155,220259.461015671
"Condition","insurance","Anemia and other deficiencies","Uninsured, all ages",109153.328981,51957.0383300361
"Condition","insurance","Appendicitis","Uninsured, all ages",66087.143567,39699.6819768813
"Condition","insurance","Back problems","Uninsured, all ages",6189674.082008,1588897.24027856
"Condition","insurance","Cancer","Uninsured, all ages",1739322.970271,562661.288412997
"Condition","insurance","Cataract","Uninsured, all ages",54958.345358,36800.9545666932
"Condition","insurance","Cerebrovascular disease","Uninsured, all ages",186840.774855,70747.744379167
"Condition","insurance","CNS infection","Uninsured, all ages",18234.91944,18234.91944
"Condition","insurance","Complications of pregnancy and birth","Uninsured, all ages",214842.927655,109478.968503051
"Condition","insurance","Complications of surgery or device","Uninsured, all ages",232374.818573,99654.8666627534
"Condition","insurance","Congenital anomalies","Uninsured, all ages",510087.341056,271958.323613935
"Condition","insurance","COPD, asthma","Uninsured, all ages",7465178.775039,841822.163345222
"Condition","insurance","Diabetes mellitus","Uninsured, all ages",3499155.299279,643685.027902919
"Condition","insurance","Disorders of mouth and esophagus","Uninsured, all ages",85415.752017,31194.6789104646
"Condition","insurance","Disorders of teeth and jaws","Uninsured, all ages",940601.828653,140110.207620865
"Condition","insurance","Disorders of the upper GI","Uninsured, all ages",1291475.158025,300473.154223367
"Condition","insurance","Epilepsy and convulsions","Uninsured, all ages",497264.433097,179328.358329434
"Condition","insurance","Female genital disorders, and contraception","Uninsured, all ages",2339846.906529,403579.02218183
"Condition","insurance","Gallbladder, pancreatic, and liver disease","Uninsured, all ages",1383054.666497,535287.188129832
"Condition","insurance","Glaucoma","Uninsured, all ages",507256.620312,264566.13202399
"Condition","insurance","Headache","Uninsured, all ages",1484880.943513,361529.703297178
"Condition","insurance","Heart disease","Uninsured, all ages",3230406.821338,870881.637338177
"Condition","insurance","Hemorrhagic, coagulation, and disorders of White Blood cells","Uninsured, all ages",56182.756614,33833.07161241
"Condition","insurance","Hereditary, degenerative and other nervous system disorders","Uninsured, all ages",16020.671493,16020.671493
"Condition","insurance","Hernias","Uninsured, all ages",462287.868322,169981.960943401
"Condition","insurance","Hyperlipidemia","Uninsured, all ages",1263216.332028,555593.84091521
"Condition","insurance","Hypertension","Uninsured, all ages",5097263.210106,839086.801044259
"Condition","insurance","Infectious diseases","Uninsured, all ages",2624475.228649,492953.047711234
"Condition","insurance","Influenza","Uninsured, all ages",910788.22529,253857.113623225
"Condition","insurance","Intestinal infection","Uninsured, all ages",1498596.601831,270204.925132591
"Condition","insurance","Kidney Disease","Uninsured, all ages",964088.495187,615461.157739926
"Condition","insurance","Male genital disorders","Uninsured, all ages",331026.369687,203341.548930343
"Condition","insurance","Mental disorders","Uninsured, all ages",6499649.379294,1508542.09815212
"Condition","insurance","Non-malignant breast disease","Uninsured, all ages",112774.110438,56170.3867786164
"Condition","insurance","Non-malignant neoplasm","Uninsured, all ages",314426.162838,102780.042287617
"Condition","insurance","Normal birth/live born","Uninsured, all ages",1708286.469084,481909.962114779
"Condition","insurance","Osteoarthritis and other non-traumatic joint disorders","Uninsured, all ages",2814531.408058,599377.812369544
"Condition","insurance","Other bone and musculoskeletal disease","Uninsured, all ages",312561.986037,168461.272319916
"Condition","insurance","Other care and screening","Uninsured, all ages",2361812.992728,518680.369491699
"Condition","insurance","Other circulatory conditions arteries, veins, and lymphatics","Uninsured, all ages",535350.046417,160109.361986412
"Condition","insurance","Other CNS disorders","Uninsured, all ages",2204185.56941,653679.869249483
"Condition","insurance","Other endocrine, nutritional & immune disorder","Uninsured, all ages",1005270.258499,242092.261067346
"Condition","insurance","Other eye disorders","Uninsured, all ages",1260113.042029,310053.696760519
"Condition","insurance","Other GI","Uninsured, all ages",653437.000246,240951.281429441
"Condition","insurance","Other stomach and intestinal disorders","Uninsured, all ages",324648.752538,206333.856361121
"Condition","insurance","Other urinary","Uninsured, all ages",230912.602265,85551.5373342906
"Condition","insurance","Otitis media","Uninsured, all ages",1610925.649675,259115.785571958
"Condition","insurance","Paralysis","Uninsured, all ages",106097.272504,101033.246540661
"Condition","insurance","Perinatal Conditions","Uninsured, all ages",81132.152454,81132.1524539999
"Condition","insurance","Pneumonia","Uninsured, all ages",358345.854417,93311.5478464211
"Condition","insurance","Poisoning by medical and non-medical substances","Uninsured, all ages",168409.222656,95339.1618761044
"Condition","insurance","Residual Codes","Uninsured, all ages",2798921.562309,1099367.70025705
"Condition","insurance","Skin disorders","Uninsured, all ages",2041913.060427,308525.118951481
"Condition","insurance","Symptoms","Uninsured, all ages",551413.82214,136037.545763824
"Condition","insurance","Systemic lupus and connective tissues disorders","Uninsured, all ages",2292792.838716,638149.672604583
"Condition","insurance","Thyroid disease","Uninsured, all ages",1650645.182926,364765.627947435
"Condition","insurance","Tonsillitis","Uninsured, all ages",236419.167648,108278.009393853
"Condition","insurance","Trauma-related disorders","Uninsured, all ages",15642931.50761,2895827.6645977
"Condition","insurance","Urinary tract infections","Uninsured, all ages",1155715.564841,230060.208276675
"Condition","poverty","Acute Bronchitis and URI","Negative or poor",9137554.964597,1030769.66287526
"Condition","poverty","Allergic reactions","Negative or poor",1326997.900178,385511.901193661
"Condition","poverty","Anemia and other deficiencies","Negative or poor",737715.307424,175742.663848553
"Condition","poverty","Appendicitis","Negative or poor",76776.342621,50064.5778438071
"Condition","poverty","Back problems","Negative or poor",11327853.886617,2298852.80017495
"Condition","poverty","Cancer","Negative or poor",7010033.960892,1742207.56550884
"Condition","poverty","Cataract","Negative or poor",1687294.793303,505316.280130167
"Condition","poverty","Cerebrovascular disease","Negative or poor",2016293.856262,514474.049347238
"Condition","poverty","CNS infection","Negative or poor",160786.090702,71133.4568244202
"Condition","poverty","Complications of pregnancy and birth","Negative or poor",518748.383391,209582.248751742
"Condition","poverty","Complications of surgery or device","Negative or poor",380043.647711,90342.9343627371
"Condition","poverty","Congenital anomalies","Negative or poor",436236.297045,211484.150916244
"Condition","poverty","COPD, asthma","Negative or poor",25957995.925664,3114050.80779754
"Condition","poverty","Diabetes mellitus","Negative or poor",16060730.713759,2194235.10578678
"Condition","poverty","Disorders of mouth and esophagus","Negative or poor",144981.482451,53941.2821831305
"Condition","poverty","Disorders of teeth and jaws","Negative or poor",1287398.067144,213100.735280538
"Condition","poverty","Disorders of the upper GI","Negative or poor",3937761.603077,552249.17119303
"Condition","poverty","Epilepsy and convulsions","Negative or poor",2794086.026247,685828.249564188
"Condition","poverty","Female genital disorders, and contraception","Negative or poor",3656336.352297,613356.315189779
"Condition","poverty","Gallbladder, pancreatic, and liver disease","Negative or poor",1182090.874678,543408.302781958
"Condition","poverty","Glaucoma","Negative or poor",1920115.966531,414299.824430233
"Condition","poverty","Headache","Negative or poor",2965415.149051,439945.502856757
"Condition","poverty","Heart disease","Negative or poor",16495800.743017,2339399.89141816
"Condition","poverty","Hemorrhagic, coagulation, and disorders of White Blood cells","Negative or poor",1016402.525068,470447.587750814
"Condition","poverty","Hereditary, degenerative and other nervous system disorders","Negative or poor",1169845.405486,452423.981063318
"Condition","poverty","Hernias","Negative or poor",1176961.764646,321346.920623493
"Condition","poverty","Hyperlipidemia","Negative or poor",3536359.294271,501293.436272625
"Condition","poverty","Hypertension","Negative or poor",21034070.255899,2196641.83676145
"Condition","poverty","Infectious diseases","Negative or poor",6506811.784282,959164.611873412
"Condition","poverty","Influenza","Negative or poor",1631604.666463,412394.132558197
"Condition","poverty","Intestinal infection","Negative or poor",2500654.759719,300383.966660806
"Condition","poverty","Kidney Disease","Negative or poor",2239616.416036,1207626.94856435
"Condition","poverty","Male genital disorders","Negative or poor",687253.230458,213495.753834068
"Condition","poverty","Mental disorders","Negative or poor",37553008.832041,5932093.62032254
"Condition","poverty","Non-malignant breast disease","Negative or poor",349565.257204,123385.151332427
"Condition","poverty","Non-malignant neoplasm","Negative or poor",235926.626886,76707.3954521599
"Condition","poverty","Normal birth/live born","Negative or poor",7834476.771681,1217908.10713017
"Condition","poverty","Osteoarthritis and other non-traumatic joint disorders","Negative or poor",14371238.77727,2226241.08375463
"Condition","poverty","Other bone and musculoskeletal disease","Negative or poor",3342804.976476,2174117.47901055
"Condition","poverty","Other care and screening","Negative or poor",5693752.229493,658414.648965592
"Condition","poverty","Other circulatory conditions arteries, veins, and lymphatics","Negative or poor",2751582.47198,532880.980368409
"Condition","poverty","Other CNS disorders","Negative or poor",5009676.384344,786906.159839522
"Condition","poverty","Other endocrine, nutritional & immune disorder","Negative or poor",4491809.296441,1299339.57900267
"Condition","poverty","Other eye disorders","Negative or poor",4675615.969405,739075.103132626
"Condition","poverty","Other GI","Negative or poor",4189181.688072,827099.600113003
"Condition","poverty","Other stomach and intestinal disorders","Negative or poor",608495.068373,190212.671063182
"Condition","poverty","Other urinary","Negative or poor",1494012.184719,507769.666021993
"Condition","poverty","Otitis media","Negative or poor",5063633.072383,687016.938020413
"Condition","poverty","Paralysis","Negative or poor",664271.079817,293613.60996694
"Condition","poverty","Perinatal Conditions","Negative or poor",1257.750524,1257.750524
"Condition","poverty","Pneumonia","Negative or poor",1451389.544899,304039.954061522
"Condition","poverty","Poisoning by medical and non-medical substances","Negative or poor",476926.446154,138015.081450467
"Condition","poverty","Residual Codes","Negative or poor",7418257.202869,1354372.47320596
"Condition","poverty","Skin disorders","Negative or poor",7654521.507395,1358538.73527807
"Condition","poverty","Symptoms","Negative or poor",2237212.68578,325064.031187784
"Condition","poverty","Systemic lupus and connective tissues disorders","Negative or poor",5169829.603399,906331.610937208
"Condition","poverty","Thyroid disease","Negative or poor",3406964.872396,593889.734338435
"Condition","poverty","Tonsillitis","Negative or poor",776638.805537,249930.891116145
"Condition","poverty","Trauma-related disorders","Negative or poor",17525947.972861,2375400.12573561
"Condition","poverty","Urinary tract infections","Negative or poor",2690329.952184,502588.13996067
"Condition","poverty","Acute Bronchitis and URI","Near-poor",5369148.276858,1611371.70712941
"Condition","poverty","Allergic reactions","Near-poor",792054.48517,249878.876487226
"Condition","poverty","Anemia and other deficiencies","Near-poor",220304.798603,94727.889083879
"Condition","poverty","Back problems","Near-poor",2707123.082567,850295.253251873
"Condition","poverty","Cancer","Near-poor",3349736.396855,1264115.12026987
"Condition","poverty","Cataract","Near-poor",147243.478516,75034.8981348321
"Condition","poverty","Cerebrovascular disease","Near-poor",819071.746261,282292.302506213
"Condition","poverty","CNS infection","Near-poor",102830.442511,88596.3583183208
"Condition","poverty","Complications of pregnancy and birth","Near-poor",45534.476655,32386.5499500119
"Condition","poverty","Complications of surgery or device","Near-poor",53224.259404,34818.2675902865
"Condition","poverty","Congenital anomalies","Near-poor",956503.183817,832905.279305021
"Condition","poverty","COPD, asthma","Near-poor",8919082.441309,1332864.35060515
"Condition","poverty","Diabetes mellitus","Near-poor",3979314.841992,715830.478852132
"Condition","poverty","Disorders of mouth and esophagus","Near-poor",57494.008984,31016.4895338497
"Condition","poverty","Disorders of teeth and jaws","Near-poor",687672.114889,239897.694017595
"Condition","poverty","Disorders of the upper GI","Near-poor",1330965.650986,329459.780419967
"Condition","poverty","Epilepsy and convulsions","Near-poor",1045807.440073,463983.977341395
"Condition","poverty","Female genital disorders, and contraception","Near-poor",1111487.38082,209234.459897741
"Condition","poverty","Gallbladder, pancreatic, and liver disease","Near-poor",916726.175007,389445.296653903
"Condition","poverty","Glaucoma","Near-poor",536240.05348,229257.690927437
"Condition","poverty","Headache","Near-poor",1190673.189369,381777.657814728
"Condition","poverty","Heart disease","Near-poor",5004811.062664,919546.418707163
"Condition","poverty","Hemorrhagic, coagulation, and disorders of White Blood cells","Near-poor",227750.050788,189471.234428502
"Condition","poverty","Hereditary, degenerative and other nervous system disorders","Near-poor",647367.593295,385474.061917853
"Condition","poverty","Hernias","Near-poor",410903.999602,142718.382468703
"Condition","poverty","Hyperlipidemia","Near-poor",1095720.975455,297387.386858559
"Condition","poverty","Hypertension","Near-poor",7948545.909701,1168645.3894819
"Condition","poverty","Infectious diseases","Near-poor",1607473.377495,349483.612786178
"Condition","poverty","Influenza","Near-poor",530356.024896,165279.549672658
"Condition","poverty","Intestinal infection","Near-poor",675191.088438,170694.946492066
"Condition","poverty","Kidney Disease","Near-poor",384933.273989,160542.698842184
"Condition","poverty","Male genital disorders","Near-poor",583903.266044,337466.906000371
"Condition","poverty","Mental disorders","Near-poor",10648825.604865,3047665.09632529
"Condition","poverty","Non-malignant breast disease","Near-poor",325790.953478,157269.427638919
"Condition","poverty","Non-malignant neoplasm","Near-poor",212830.008793,129733.213409806
"Condition","poverty","Normal birth/live born","Near-poor",1319096.407222,281618.580935375
"Condition","poverty","Osteoarthritis and other non-traumatic joint disorders","Near-poor",5010114.000497,874909.533930175
"Condition","poverty","Other bone and musculoskeletal disease","Near-poor",1100484.27197,388534.458798115
"Condition","poverty","Other care and screening","Near-poor",3072508.625408,678338.039123146
"Condition","poverty","Other circulatory conditions arteries, veins, and lymphatics","Near-poor",946180.849665,310510.739902272
"Condition","poverty","Other CNS disorders","Near-poor",1993015.601163,439219.797274464
"Condition","poverty","Other endocrine, nutritional & immune disorder","Near-poor",1479559.915936,263086.40812808
"Condition","poverty","Other eye disorders","Near-poor",1166577.97822,243106.12338634
"Condition","poverty","Other GI","Near-poor",671733.581076,182473.536100008
"Condition","poverty","Other stomach and intestinal disorders","Near-poor",399255.275186,226312.67592272
"Condition","poverty","Other urinary","Near-poor",905212.009431,234862.945142132
"Condition","poverty","Otitis media","Near-poor",1707439.616828,444352.346636792
"Condition","poverty","Paralysis","Near-poor",138614.843707,96366.0253369615
"Condition","poverty","Pneumonia","Near-poor",406878.10457,140914.845444912
"Condition","poverty","Poisoning by medical and non-medical substances","Near-poor",84069.324268,49630.8226755456
"Condition","poverty","Residual Codes","Near-poor",2949914.155096,493557.144984484
"Condition","poverty","Skin disorders","Near-poor",1659841.269376,371249.055790251
"Condition","poverty","Symptoms","Near-poor",1112425.98773,398851.164743294
"Condition","poverty","Systemic lupus and connective tissues disorders","Near-poor",3045845.204269,720196.402477486
"Condition","poverty","Thyroid disease","Near-poor",1763568.977794,430428.023070545
"Condition","poverty","Tonsillitis","Near-poor",108627.298795,59714.7365669637
"Condition","poverty","Trauma-related disorders","Near-poor",7086237.909701,1276736.19600041
"Condition","poverty","Urinary tract infections","Near-poor",1160440.674854,289401.492995019
"Condition","poverty","Acute Bronchitis and URI","Low income",11570411.981487,1342903.28595195
"Condition","poverty","Allergic reactions","Low income",1798778.058214,361207.43787716
"Condition","poverty","Anemia and other deficiencies","Low income",1457875.950396,537356.381782054
"Condition","poverty","Appendicitis","Low income",27584.832409,24646.6212399051
"Condition","poverty","Back problems","Low income",13669654.908613,2982272.74349387
"Condition","poverty","Cancer","Low income",9240852.244364,1779353.8757474
"Condition","poverty","Cataract","Low income",1955454.903785,402275.942420736
"Condition","poverty","Cerebrovascular disease","Low income",3448502.183395,1282714.07874535
"Condition","poverty","CNS infection","Low income",11948.075966,11948.075966
"Condition","poverty","Complications of pregnancy and birth","Low income",581238.168864,263932.95812679
"Condition","poverty","Complications of surgery or device","Low income",384788.89846,133867.610931713
"Condition","poverty","Congenital anomalies","Low income",1367240.526257,589522.048185736
"Condition","poverty","COPD, asthma","Low income",23952774.113522,2466846.83706669
"Condition","poverty","Diabetes mellitus","Low income",15109479.872919,1960677.64444127
"Condition","poverty","Disorders of mouth and esophagus","Low income",137172.183101,44748.7303385216
"Condition","poverty","Disorders of teeth and jaws","Low income",2087715.64484,280919.145634166
"Condition","poverty","Disorders of the upper GI","Low income",4940983.689335,725090.118129108
"Condition","poverty","Epilepsy and convulsions","Low income",2334110.674154,508986.06551012
"Condition","poverty","Female genital disorders, and contraception","Low income",4738455.226198,563755.666195513
"Condition","poverty","Gallbladder, pancreatic, and liver disease","Low income",2077961.978912,629468.623377108
"Condition","poverty","Glaucoma","Low income",1306869.569876,334762.101668636
"Condition","poverty","Headache","Low income",2304425.930927,527450.54693855
"Condition","poverty","Heart disease","Low income",19403377.203072,2593352.74445424
"Condition","poverty","Hemorrhagic, coagulation, and disorders of White Blood cells","Low income",671186.361241,248500.755485557
"Condition","poverty","Hereditary, degenerative and other nervous system disorders","Low income",1299115.887722,442976.519963837
"Condition","poverty","Hernias","Low income",1888301.128181,449634.062673257
"Condition","poverty","Hyperlipidemia","Low income",4988885.578547,775077.174133226
"Condition","poverty","Hypertension","Low income",25232502.141698,2683818.73394977
"Condition","poverty","Infectious diseases","Low income",6958915.384574,1409102.27506671
"Condition","poverty","Influenza","Low income",1312471.544454,228570.126566541
"Condition","poverty","Intestinal infection","Low income",2688285.43854,383230.198420599
"Condition","poverty","Kidney Disease","Low income",2951507.564927,1280370.66118564
"Condition","poverty","Male genital disorders","Low income",571682.794872,166292.573053275
"Condition","poverty","Mental disorders","Low income",26500687.35356,3585769.60836278
"Condition","poverty","Non-malignant breast disease","Low income",840440.285184,253197.815941167
"Condition","poverty","Non-malignant neoplasm","Low income",1219711.212005,317549.015441516
"Condition","poverty","Normal birth/live born","Low income",8884840.218136,1487490.39035545
"Condition","poverty","Osteoarthritis and other non-traumatic joint disorders","Low income",15156092.522009,2104676.14017468
"Condition","poverty","Other bone and musculoskeletal disease","Low income",2697762.276132,499873.41507361
"Condition","poverty","Other care and screening","Low income",11254378.075313,1610611.58173744
"Condition","poverty","Other circulatory conditions arteries, veins, and lymphatics","Low income",3938593.099674,995157.705208838
"Condition","poverty","Other CNS disorders","Low income",5569335.239539,827721.028859557
"Condition","poverty","Other endocrine, nutritional & immune disorder","Low income",7177984.338479,1540133.84693084
"Condition","poverty","Other eye disorders","Low income",4538474.393635,657905.164606248
"Condition","poverty","Other GI","Low income",2654405.744382,396095.599402532
"Condition","poverty","Other stomach and intestinal disorders","Low income",1098012.986676,484491.82386906
"Condition","poverty","Other urinary","Low income",1112511.561526,275449.797341815
"Condition","poverty","Otitis media","Low income",9401404.288179,2391217.41647112
"Condition","poverty","Paralysis","Low income",283817.995849,160456.535567778
"Condition","poverty","Perinatal Conditions","Low income",156162.0252,128611.131763157
"Condition","poverty","Pneumonia","Low income",3021085.835001,518950.702124203
"Condition","poverty","Poisoning by medical and non-medical substances","Low income",480300.432678,156528.517279073
"Condition","poverty","Residual Codes","Low income",7924978.328575,1065185.22739635
"Condition","poverty","Skin disorders","Low income",7965835.878071,1066843.39725906
"Condition","poverty","Symptoms","Low income",1901266.791045,338789.856370424
"Condition","poverty","Systemic lupus and connective tissues disorders","Low income",7702246.738999,1663889.47710126
"Condition","poverty","Thyroid disease","Low income",5989781.210868,711152.867102315
"Condition","poverty","Tonsillitis","Low income",473174.593876,213405.662068966
"Condition","poverty","Trauma-related disorders","Low income",19401896.35721,2275402.48834417
"Condition","poverty","Urinary tract infections","Low income",2575367.997478,387324.235024828
"Condition","poverty","Acute Bronchitis and URI","Middle income",28914081.230037,1862758.75183723
"Condition","poverty","Allergic reactions","Middle income",4447792.208263,609265.275034943
"Condition","poverty","Anemia and other deficiencies","Middle income",2016534.397533,387837.279821384
"Condition","poverty","Appendicitis","Middle income",154424.81114,79483.9680200943
"Condition","poverty","Back problems","Middle income",28217827.705142,3125259.47454821
"Condition","poverty","Cancer","Middle income",25498769.301225,4780451.99853031
"Condition","poverty","Cataract","Middle income",6591525.343944,1242283.18694665
"Condition","poverty","Cerebrovascular disease","Middle income",4060410.090357,1081787.97355559
"Condition","poverty","CNS infection","Middle income",378454.266989,257365.521223265
"Condition","poverty","Coma, brain damage","Middle income",152446.21364,152446.21364
"Condition","poverty","Complications of pregnancy and birth","Middle income",1110993.745477,424019.896149612
"Condition","poverty","Complications of surgery or device","Middle income",856374.930116,213113.84383357
"Condition","poverty","Congenital anomalies","Middle income",2135579.971691,645344.171538008
"Condition","poverty","COPD, asthma","Middle income",56830980.535963,3805023.60700849
"Condition","poverty","Diabetes mellitus","Middle income",29939840.584301,2749294.72647739
"Condition","poverty","Disorders of mouth and esophagus","Middle income",957273.898796,382397.337599119
"Condition","poverty","Disorders of teeth and jaws","Middle income",2919196.087948,312264.117987782
"Condition","poverty","Disorders of the upper GI","Middle income",9257026.502366,786220.656682279
"Condition","poverty","Epilepsy and convulsions","Middle income",2879533.109685,539764.313954493
"Condition","poverty","Female genital disorders, and contraception","Middle income",12698349.78869,1073667.9525694
"Condition","poverty","Gallbladder, pancreatic, and liver disease","Middle income",2331316.232859,466059.764286235
"Condition","poverty","Glaucoma","Middle income",5335422.394488,875022.038043741
"Condition","poverty","Headache","Middle income",7863884.16775,1319759.96562547
"Condition","poverty","Heart disease","Middle income",37865779.69675,4771571.66540509
"Condition","poverty","Hemorrhagic, coagulation, and disorders of White Blood cells","Middle income",1599484.250254,503357.83294283
"Condition","poverty","Hereditary, degenerative and other nervous system disorders","Middle income",2874898.12002,803437.889540371
"Condition","poverty","Hernias","Middle income",3293049.667587,514610.626358018
"Condition","poverty","Hyperlipidemia","Middle income",13461712.324545,1253524.86097854
"Condition","poverty","Hypertension","Middle income",45288694.60734,2968636.82005326
"Condition","poverty","Infectious diseases","Middle income",12581676.779932,1100805.71245391
"Condition","poverty","Influenza","Middle income",4570743.319209,541698.393611888
"Condition","poverty","Intestinal infection","Middle income",5965730.98172,550381.430355967
"Condition","poverty","Kidney Disease","Middle income",7712909.588483,1857505.11932499
"Condition","poverty","Male genital disorders","Middle income",2976797.37592,512603.593606639
"Condition","poverty","Mental disorders","Middle income",48876977.50603,7361868.42655269
"Condition","poverty","Non-malignant breast disease","Middle income",1584473.88853,355556.065404758
"Condition","poverty","Non-malignant neoplasm","Middle income",2348982.356725,323837.180944046
"Condition","poverty","Normal birth/live born","Middle income",14082102.731787,1696477.23491277
"Condition","poverty","Osteoarthritis and other non-traumatic joint disorders","Middle income",27180766.1469,2459661.64466459
"Condition","poverty","Other bone and musculoskeletal disease","Middle income",6032857.117059,1778174.56006985
"Condition","poverty","Other care and screening","Middle income",18260770.535846,1626245.62531379
"Condition","poverty","Other circulatory conditions arteries, veins, and lymphatics","Middle income",7426275.346798,1084688.11060449
"Condition","poverty","Other CNS disorders","Middle income",18003850.938029,2282779.43933606
"Condition","poverty","Other endocrine, nutritional & immune disorder","Middle income",12169692.102823,1305715.79448262
"Condition","poverty","Other eye disorders","Middle income",8378298.694739,784378.605662165
"Condition","poverty","Other GI","Middle income",6231339.574637,693940.430436533
"Condition","poverty","Other stomach and intestinal disorders","Middle income",2066341.394373,475779.075729673
"Condition","poverty","Other urinary","Middle income",3174643.495541,591372.857114737
"Condition","poverty","Otitis media","Middle income",12190522.033927,1168531.61235215
"Condition","poverty","Paralysis","Middle income",373273.149588,185384.759631086
"Condition","poverty","Perinatal Conditions","Middle income",59302.19635,39582.6700908306
"Condition","poverty","Pneumonia","Middle income",4887133.617667,702180.744251449
"Condition","poverty","Poisoning by medical and non-medical substances","Middle income",802043.034577,182041.152152511
"Condition","poverty","Residual Codes","Middle income",15525869.884292,1687086.7695664
"Condition","poverty","Skin disorders","Middle income",21229159.149784,1984129.77023204
"Condition","poverty","Symptoms","Middle income",3577152.299518,708800.047763948
"Condition","poverty","Systemic lupus and connective tissues disorders","Middle income",16381683.880853,1931813.75022743
"Condition","poverty","Thyroid disease","Middle income",11199092.606863,1116665.20507938
"Condition","poverty","Tonsillitis","Middle income",1527739.183669,443500.660774107
"Condition","poverty","Trauma-related disorders","Middle income",53933772.260279,4836013.72486516
"Condition","poverty","Urinary tract infections","Middle income",5680874.243507,676021.163612727
"Condition","poverty","Acute Bronchitis and URI","High income",40978716.961049,2637473.0152183
"Condition","poverty","Allergic reactions","High income",10231859.441799,3313717.42451057
"Condition","poverty","Anemia and other deficiencies","High income",2191011.416402,587872.141583096
"Condition","poverty","Appendicitis","High income",275790.730992,127879.659383307
"Condition","poverty","Back problems","High income",43064342.521147,3499824.38874267
"Condition","poverty","Cancer","High income",23660738.423957,3241237.61625734
"Condition","poverty","Cataract","High income",4381143.742351,763517.464349009
"Condition","poverty","Cerebrovascular disease","High income",2872128.598698,669072.78385349
"Condition","poverty","CNS infection","High income",341610.851746,212798.2262372
"Condition","poverty","Complications of pregnancy and birth","High income",802345.294156,351497.565387387
"Condition","poverty","Complications of surgery or device","High income",625026.459852,160704.296900473
"Condition","poverty","Congenital anomalies","High income",4980193.466671,2551794.54066033
"Condition","poverty","COPD, asthma","High income",77063457.16917,5318884.24910598
"Condition","poverty","Diabetes mellitus","High income",32206553.944248,4709749.31956755
"Condition","poverty","Disorders of mouth and esophagus","High income",1142426.53969,235565.182955177
"Condition","poverty","Disorders of teeth and jaws","High income",4241667.786049,449336.293006787
"Condition","poverty","Disorders of the upper GI","High income",12796388.976977,1051192.56725922
"Condition","poverty","Epilepsy and convulsions","High income",3307605.205018,987695.573495441
"Condition","poverty","Female genital disorders, and contraception","High income",20384515.092106,1575149.2529303
"Condition","poverty","Gallbladder, pancreatic, and liver disease","High income",3579772.938618,598290.061595584
"Condition","poverty","Glaucoma","High income",5302057.471228,837673.322172368
"Condition","poverty","Headache","High income",8821839.096082,1196956.58560393
"Condition","poverty","Heart disease","High income",40653400.007611,3978962.89871282
"Condition","poverty","Hemorrhagic, coagulation, and disorders of White Blood cells","High income",758159.786679,218772.776382007
"Condition","poverty","Hereditary, degenerative and other nervous system disorders","High income",2481557.357334,581433.546179787
"Condition","poverty","Hernias","High income",3430148.527775,531474.246868595
"Condition","poverty","Hyperlipidemia","High income",16870162.413356,1254415.36304663
"Condition","poverty","Hypertension","High income",53408987.389344,3139882.15644674
"Condition","poverty","Infectious diseases","High income",18069584.281128,1893502.10132946
"Condition","poverty","Influenza","High income",5269561.179527,606940.729529167
"Condition","poverty","Intestinal infection","High income",7355626.39876,618561.364223036
"Condition","poverty","Kidney Disease","High income",9083532.344409,2828459.58739041
"Condition","poverty","Male genital disorders","High income",4083068.78076,553943.170928538
"Condition","poverty","Mental disorders","High income",54884948.907038,7819092.53804916
"Condition","poverty","Non-malignant breast disease","High income",3569758.762582,512690.564607069
"Condition","poverty","Non-malignant neoplasm","High income",4086779.562484,509321.883589017
"Condition","poverty","Normal birth/live born","High income",16215322.305043,2592328.04245056
"Condition","poverty","Osteoarthritis and other non-traumatic joint disorders","High income",31902485.141079,3096160.27812509
"Condition","poverty","Other bone and musculoskeletal disease","High income",8122687.629203,1139872.07901175
"Condition","poverty","Other care and screening","High income",34180378.891684,3676793.57060339
"Condition","poverty","Other circulatory conditions arteries, veins, and lymphatics","High income",7723797.191302,1184164.1536668
"Condition","poverty","Other CNS disorders","High income",22795261.821204,2552852.60472945
"Condition","poverty","Other endocrine, nutritional & immune disorder","High income",12424338.270963,1144084.17482002
"Condition","poverty","Other eye disorders","High income",14127444.505887,1219158.79774525
"Condition","poverty","Other GI","High income",7574586.262346,875283.150190199
"Condition","poverty","Other stomach and intestinal disorders","High income",3161993.856851,645403.201359667
"Condition","poverty","Other urinary","High income",3562270.856179,560244.337689737
"Condition","poverty","Otitis media","High income",16729897.007409,1857112.03178212
"Condition","poverty","Paralysis","High income",453794.298682,265905.418731082
"Condition","poverty","Perinatal Conditions","High income",158718.83873,97597.054861554
"Condition","poverty","Pneumonia","High income",4714901.147108,672090.985703578
"Condition","poverty","Poisoning by medical and non-medical substances","High income",1940338.786625,555312.342296968
"Condition","poverty","Residual Codes","High income",16665081.168054,1794395.77713359
"Condition","poverty","Skin disorders","High income",28734174.744286,2217586.99614749
"Condition","poverty","Symptoms","High income",5643846.899344,750397.548643868
"Condition","poverty","Systemic lupus and connective tissues disorders","High income",26787448.907823,4468067.58355151
"Condition","poverty","Thyroid disease","High income",15391703.331941,1273883.63168298
"Condition","poverty","Tonsillitis","High income",1074626.183126,354222.514517427
"Condition","poverty","Trauma-related disorders","High income",72291955.425639,6035417.83252988
"Condition","poverty","Urinary tract infections","High income",5945718.899596,656105.383812246
"Condition","health","Acute Bronchitis and URI","Excellent",25585811.328431,1529893.96182314
"Condition","health","Allergic reactions","Excellent",4986050.272052,663056.665563648
"Condition","health","Anemia and other deficiencies","Excellent",409918.448999,106067.206872946
"Condition","health","Appendicitis","Excellent",314608.732402,130172.33528004
"Condition","health","Back problems","Excellent",13174100.162613,2936039.10474192
"Condition","health","Cancer","Excellent",4613648.541499,801667.507755275
"Condition","health","Cataract","Excellent",2399584.999012,627502.653553098
"Condition","health","Cerebrovascular disease","Excellent",327076.348638,150904.916703395
"Condition","health","CNS infection","Excellent",143625.711785,101569.819928043
"Condition","health","Complications of pregnancy and birth","Excellent",535286.838218,182504.695041187
"Condition","health","Complications of surgery or device","Excellent",326316.301185,110061.191973109
"Condition","health","Congenital anomalies","Excellent",1636713.845789,867125.769244103
"Condition","health","COPD, asthma","Excellent",31838565.931959,2457994.90420713
"Condition","health","Diabetes mellitus","Excellent",4295163.565536,893949.823385351
"Condition","health","Disorders of mouth and esophagus","Excellent",318006.329414,84700.5914930096
"Condition","health","Disorders of teeth and jaws","Excellent",2655645.369452,304398.781586096
"Condition","health","Disorders of the upper GI","Excellent",3141760.49128,469910.19529254
"Condition","health","Epilepsy and convulsions","Excellent",1136419.833516,343420.457389955
"Condition","health","Female genital disorders, and contraception","Excellent",11084388.908024,992181.293485613
"Condition","health","Gallbladder, pancreatic, and liver disease","Excellent",1417933.522051,358298.312204015
"Condition","health","Glaucoma","Excellent",2125849.495814,571477.313850292
"Condition","health","Headache","Excellent",3011506.730927,566778.170060937
"Condition","health","Heart disease","Excellent",7137144.466667,1157169.66528736
"Condition","health","Hemorrhagic, coagulation, and disorders of White Blood cells","Excellent",171300.427296,110306.242734053
"Condition","health","Hereditary, degenerative and other nervous system disorders","Excellent",399424.160331,306739.13805816
"Condition","health","Hernias","Excellent",1317543.957908,316378.819288788
"Condition","health","Hyperlipidemia","Excellent",4777802.006009,622973.195147897
"Condition","health","Hypertension","Excellent",13402896.567129,1657365.12287365
"Condition","health","Infectious diseases","Excellent",10140920.601561,846244.899722581
"Condition","health","Influenza","Excellent",3277479.054483,380446.942268184
"Condition","health","Intestinal infection","Excellent",5183091.281608,452149.256924208
"Condition","health","Kidney Disease","Excellent",1420691.668595,399279.095312468
"Condition","health","Male genital disorders","Excellent",1154724.21431,252531.72369229
"Condition","health","Mental disorders","Excellent",18366209.442726,2362816.23229594
"Condition","health","Non-malignant breast disease","Excellent",2068578.06446,398599.200205775
"Condition","health","Non-malignant neoplasm","Excellent",2093891.498836,336877.139213877
"Condition","health","Normal birth/live born","Excellent",16080347.151345,1908455.66134133
"Condition","health","Osteoarthritis and other non-traumatic joint disorders","Excellent",7587680.968492,1625687.80998929
"Condition","health","Other bone and musculoskeletal disease","Excellent",2580196.217844,507847.852974446
"Condition","health","Other care and screening","Excellent",12911191.885196,1382499.25866598
"Condition","health","Other circulatory conditions arteries, veins, and lymphatics","Excellent",1268068.743713,321090.705024936
"Condition","health","Other CNS disorders","Excellent",7806363.404169,1283864.56202415
"Condition","health","Other endocrine, nutritional & immune disorder","Excellent",4306730.726067,663878.462985718
"Condition","health","Other eye disorders","Excellent",7910589.995535,765107.796335593
"Condition","health","Other GI","Excellent",2106226.18584,314949.844942555
"Condition","health","Other stomach and intestinal disorders","Excellent",589278.173828,247396.264632313
"Condition","health","Other urinary","Excellent",1131142.07285,256821.115680617
"Condition","health","Otitis media","Excellent",14680679.65481,1342998.08283421
"Condition","health","Paralysis","Excellent",121590.692584,116508.876008286
"Condition","health","Perinatal Conditions","Excellent",216766.938087,134075.540472211
"Condition","health","Pneumonia","Excellent",1814650.030964,295629.778029582
"Condition","health","Poisoning by medical and non-medical substances","Excellent",645909.212988,155133.26377615
"Condition","health","Residual Codes","Excellent",3936472.579004,595164.577359585
"Condition","health","Skin disorders","Excellent",15132278.337479,1193927.21230779
"Condition","health","Symptoms","Excellent",2362626.637899,435195.805179886
"Condition","health","Systemic lupus and connective tissues disorders","Excellent",9081652.305896,1740077.73202066
"Condition","health","Thyroid disease","Excellent",5733310.259332,797232.285836174
"Condition","health","Tonsillitis","Excellent",1226116.910795,307736.170101012
"Condition","health","Trauma-related disorders","Excellent",35127094.205395,3022299.33684277
"Condition","health","Urinary tract infections","Excellent",3985859.576877,453198.131500072
"Condition","health","Acute Bronchitis and URI","Very good",33509154.103078,2096610.68243972
"Condition","health","Allergic reactions","Very good",4604738.273421,585427.206804392
"Condition","health","Anemia and other deficiencies","Very good",1936138.823671,420494.159045609
"Condition","health","Appendicitis","Very good",136705.230802,80663.2491136117
"Condition","health","Back problems","Very good",27187406.155476,3023982.59581873
"Condition","health","Cancer","Very good",11113337.939049,1720514.41164371
"Condition","health","Cataract","Very good",3212787.515708,701531.159841679
"Condition","health","Cerebrovascular disease","Very good",714199.32062,231357.796397587
"Condition","health","Coma, brain damage","Very good",152446.21364,152446.21364
"Condition","health","Complications of pregnancy and birth","Very good",1427785.385785,536637.224989805
"Condition","health","Complications of surgery or device","Very good",425124.872859,118868.037712381
"Condition","health","Congenital anomalies","Very good",4447754.92403,2560388.44160535
"Condition","health","COPD, asthma","Very good",55886171.134111,3564451.26566224
"Condition","health","Diabetes mellitus","Very good",13458580.041554,1638048.13784599
"Condition","health","Disorders of mouth and esophagus","Very good",732303.81783,174685.280474567
"Condition","health","Disorders of teeth and jaws","Very good",3463698.606729,346446.154098845
"Condition","health","Disorders of the upper GI","Very good",8917983.241404,794446.245790953
"Condition","health","Epilepsy and convulsions","Very good",2295115.013227,524150.883423753
"Condition","health","Female genital disorders, and contraception","Very good",14824719.796133,1117266.12231579
"Condition","health","Gallbladder, pancreatic, and liver disease","Very good",2406463.067614,758386.188273218
"Condition","health","Glaucoma","Very good",2882047.490195,541522.366232377
"Condition","health","Headache","Very good",6814899.943424,945037.260650621
"Condition","health","Heart disease","Very good",20848840.683712,2628086.8917941
"Condition","health","Hemorrhagic, coagulation, and disorders of White Blood cells","Very good",764366.507405,271512.55023709
"Condition","health","Hereditary, degenerative and other nervous system disorders","Very good",1014682.325038,355283.764712213
"Condition","health","Hernias","Very good",2580784.140457,488614.853506942
"Condition","health","Hyperlipidemia","Very good",11525948.284171,1139192.68216699
"Condition","health","Hypertension","Very good",36493416.249793,2126259.40766165
"Condition","health","Infectious diseases","Very good",11596623.574596,957649.901599418
"Condition","health","Influenza","Very good",4230577.580424,449919.610486384
"Condition","health","Intestinal infection","Very good",5419712.42867,576317.516474704
"Condition","health","Kidney Disease","Very good",4291391.867813,1357467.60728102
"Condition","health","Male genital disorders","Very good",3010186.874199,540184.542752783
"Condition","health","Mental disorders","Very good",41913818.044072,4160736.7490179
"Condition","health","Non-malignant breast disease","Very good",2072226.133645,367566.098051996
"Condition","health","Non-malignant neoplasm","Very good",2707036.486836,434892.395822493
"Condition","health","Normal birth/live born","Very good",18264305.330741,2403293.00036941
"Condition","health","Osteoarthritis and other non-traumatic joint disorders","Very good",19716182.718592,1981144.43049484
"Condition","health","Other bone and musculoskeletal disease","Very good",5139628.217393,941156.481646325
"Condition","health","Other care and screening","Very good",21267060.631813,2156341.21221037
"Condition","health","Other circulatory conditions arteries, veins, and lymphatics","Very good",3966218.415662,577982.062046494
"Condition","health","Other CNS disorders","Very good",15492734.038618,1870165.85147219
"Condition","health","Other endocrine, nutritional & immune disorder","Very good",8459333.377755,835789.694947176
"Condition","health","Other eye disorders","Very good",9806060.704682,832999.690116667
"Condition","health","Other GI","Very good",4970816.655806,657155.023414295
"Condition","health","Other stomach and intestinal disorders","Very good",1844530.65616,486082.110875102
"Condition","health","Other urinary","Very good",2865717.125831,618266.837993623
"Condition","health","Otitis media","Very good",14762665.753173,1546187.66484768
"Condition","health","Paralysis","Very good",754356.794156,340738.812155971
"Condition","health","Perinatal Conditions","Very good",81132.152454,81132.1524539999
"Condition","health","Pneumonia","Very good",2980495.299734,460367.424589
"Condition","health","Poisoning by medical and non-medical substances","Very good",1629593.748869,553001.224975054
"Condition","health","Residual Codes","Very good",13089987.481419,1617577.47038373
"Condition","health","Skin disorders","Very good",22989753.93406,1885640.47714125
"Condition","health","Symptoms","Very good",3823568.832652,452609.759749042
"Condition","health","Systemic lupus and connective tissues disorders","Very good",15346977.354845,4111513.6891836
"Condition","health","Thyroid disease","Very good",10729793.679493,859525.884269033
"Condition","health","Tonsillitis","Very good",1228227.628447,325045.484697831
"Condition","health","Trauma-related disorders","Very good",48575822.178831,4213918.15192904
"Condition","health","Urinary tract infections","Very good",5339434.920541,588894.334213885
"Condition","health","Acute Bronchitis and URI","Good",23990978.564397,1688881.86961972
"Condition","health","Allergic reactions","Good",7477728.072616,3278666.05401903
"Condition","health","Anemia and other deficiencies","Good",1407605.702073,314402.59865687
"Condition","health","Appendicitis","Good",78802.097792,48214.8955721375
"Condition","health","Back problems","Good",25129986.211848,2305890.79562047
"Condition","health","Cancer","Good",20403716.340946,3603822.02962208
"Condition","health","Cataract","Good",4918432.712672,979780.836637692
"Condition","health","Cerebrovascular disease","Good",3287337.556249,922009.536384615
"Condition","health","CNS infection","Good",543458.835493,277138.111363493
"Condition","health","Complications of pregnancy and birth","Good",800325.342441,272575.429475065
"Condition","health","Complications of surgery or device","Good",668670.429044,216509.182020684
"Condition","health","Congenital anomalies","Good",1623667.410354,534134.092870441
"Condition","health","COPD, asthma","Good",56453636.316853,4144007.99714484
"Condition","health","Diabetes mellitus","Good",32149230.60038,2678709.07074756
"Condition","health","Disorders of mouth and esophagus","Good",793880.646457,382093.628423955
"Condition","health","Disorders of teeth and jaws","Good",3315798.705255,347643.676812253
"Condition","health","Disorders of the upper GI","Good",10374938.741856,943599.607512099
"Condition","health","Epilepsy and convulsions","Good",2988022.260246,694191.976056377
"Condition","health","Female genital disorders, and contraception","Good",11375031.935361,1051169.18305065
"Condition","health","Gallbladder, pancreatic, and liver disease","Good",2897789.735789,560030.379736094
"Condition","health","Glaucoma","Good",5435112.937329,812089.942903557
"Condition","health","Headache","Good",7046358.31057,1262469.67923968
"Condition","health","Heart disease","Good",35342058.722825,3830932.79647296
"Condition","health","Hemorrhagic, coagulation, and disorders of White Blood cells","Good",1464150.655558,408382.820813549
"Condition","health","Hereditary, degenerative and other nervous system disorders","Good",2012484.651564,534314.591453591
"Condition","health","Hernias","Good",3270000.860834,480710.357120801
"Condition","health","Hyperlipidemia","Good",13498843.52562,1148062.1528499
"Condition","health","Hypertension","Good",52756214.979824,2951618.67521324
"Condition","health","Infectious diseases","Good",14068003.70622,1765219.50256855
"Condition","health","Influenza","Good",4095200.357318,595471.629137603
"Condition","health","Intestinal infection","Good",5732913.812454,532391.125083746
"Condition","health","Kidney Disease","Good",2993434.01568,714692.142954587
"Condition","health","Male genital disorders","Good",1983213.917721,343269.869640264
"Condition","health","Mental disorders","Good",62813271.114698,10589448.548648
"Condition","health","Non-malignant breast disease","Good",1646104.042831,339330.546597431
"Condition","health","Non-malignant neoplasm","Good",2059952.726449,346453.262343503
"Condition","health","Normal birth/live born","Good",11366833.02771,1675276.90517016
"Condition","health","Osteoarthritis and other non-traumatic joint disorders","Good",26084789.174462,2344529.51774798
"Condition","health","Other bone and musculoskeletal disease","Good",7921333.786766,2319636.26574045
"Condition","health","Other care and screening","Good",22799635.867662,2522323.5689953
"Condition","health","Other circulatory conditions arteries, veins, and lymphatics","Good",9910338.522003,1503533.38178093
"Condition","health","Other CNS disorders","Good",13364263.384092,1582138.36231276
"Condition","health","Other endocrine, nutritional & immune disorder","Good",10852634.877931,1037371.10945344
"Condition","health","Other eye disorders","Good",8660855.565418,857537.026450526
"Condition","health","Other GI","Good",6041532.882197,699858.267393008
"Condition","health","Other stomach and intestinal disorders","Good",2525605.232385,708682.535533067
"Condition","health","Other urinary","Good",2644347.768403,424702.397746764
"Condition","health","Otitis media","Good",9436717.981217,1130188.40402511
"Condition","health","Paralysis","Good",102200.754681,83397.3482759629
"Condition","health","Perinatal Conditions","Good",44826.63222,44826.63222
"Condition","health","Pneumonia","Good",5074084.013075,720700.065108892
"Condition","health","Poisoning by medical and non-medical substances","Good",1076050.459936,225967.148061457
"Condition","health","Residual Codes","Good",14624285.508209,1629360.27223712
"Condition","health","Skin disorders","Good",17144764.962049,1722600.18254785
"Condition","health","Symptoms","Good",4910727.268048,777094.34021906
"Condition","health","Systemic lupus and connective tissues disorders","Good",14259943.47876,1664439.58803266
"Condition","health","Thyroid disease","Good",12316904.699898,1426875.54727383
"Condition","health","Tonsillitis","Good",1213085.323886,416286.925920029
"Condition","health","Trauma-related disorders","Good",51697723.468706,4432798.29639923
"Condition","health","Urinary tract infections","Good",4951215.371648,688614.308255639
"Condition","health","Acute Bronchitis and URI","Fair",10412190.25351,1796636.45568881
"Condition","health","Allergic reactions","Fair",1034725.644606,283516.212148346
"Condition","health","Anemia and other deficiencies","Fair",2356429.810168,719830.85615738
"Condition","health","Appendicitis","Fair",4460.656166,4460.656166
"Condition","health","Back problems","Fair",19352492.319148,3030353.46452531
"Condition","health","Cancer","Fair",15423915.418546,2728682.89620971
"Condition","health","Cataract","Fair",2839100.631845,712026.900317641
"Condition","health","Cerebrovascular disease","Fair",3832256.537189,734381.752341398
"Condition","health","CNS infection","Fair",273160.063483,193517.437971379
"Condition","health","Complications of pregnancy and birth","Fair",295462.502099,131100.653810614
"Condition","health","Complications of surgery or device","Fair",448945.818232,139566.460360019
"Condition","health","Congenital anomalies","Fair",1617590.563836,590945.783006302
"Condition","health","COPD, asthma","Fair",31037437.451138,3267625.84672839
"Condition","health","Diabetes mellitus","Fair",27954768.310718,4449948.23834904
"Condition","health","Disorders of mouth and esophagus","Fair",302902.505191,94651.8633050483
"Condition","health","Disorders of teeth and jaws","Fair",1503612.828132,318282.04940742
"Condition","health","Disorders of the upper GI","Fair",6302703.421168,705205.411254149
"Condition","health","Epilepsy and convulsions","Fair",4380151.509762,1126222.07062376
"Condition","health","Female genital disorders, and contraception","Fair",4148436.203212,675292.922521646
"Condition","health","Gallbladder, pancreatic, and liver disease","Fair",1308784.074872,339636.364152686
"Condition","health","Glaucoma","Fair",2462706.808198,520742.732944634
"Condition","health","Headache","Fair",4442599.031368,674528.043838642
"Condition","health","Heart disease","Fair",29824642.159195,2790657.63191527
"Condition","health","Hemorrhagic, coagulation, and disorders of White Blood cells","Fair",1162825.243232,442301.630739932
"Condition","health","Hereditary, degenerative and other nervous system disorders","Fair",2685183.314752,730487.361123625
"Condition","health","Hernias","Fair",1533940.857576,305482.812512524
"Condition","health","Hyperlipidemia","Fair",6568116.165907,789360.207077756
"Condition","health","Hypertension","Fair",30287873.243288,2385383.16606134
"Condition","health","Infectious diseases","Fair",4854777.580605,761656.736913526
"Condition","health","Influenza","Fair",1296989.542184,257149.631049811
"Condition","health","Intestinal infection","Fair",2365546.282345,421565.745265629
"Condition","health","Kidney Disease","Fair",5518411.698356,2556808.13000397
"Condition","health","Male genital disorders","Fair",1704071.810739,356129.249557002
"Condition","health","Mental disorders","Fair",35436636.105775,5281817.90878114
"Condition","health","Non-malignant breast disease","Fair",650286.571272,242549.934887177
"Condition","health","Non-malignant neoplasm","Fair",1065153.951891,232195.879569035
"Condition","health","Normal birth/live born","Fair",2472681.666939,680806.599852262
"Condition","health","Osteoarthritis and other non-traumatic joint disorders","Fair",22583205.053969,2942305.15951298
"Condition","health","Other bone and musculoskeletal disease","Fair",2109607.034359,388598.532867853
"Condition","health","Other care and screening","Fair",9910418.925988,1084658.67442084
"Condition","health","Other circulatory conditions arteries, veins, and lymphatics","Fair",4214639.318124,667040.434546673
"Condition","health","Other CNS disorders","Fair",10433875.8063,1531067.66846086
"Condition","health","Other endocrine, nutritional & immune disorder","Fair",8063148.882447,1899162.20627333
"Condition","health","Other eye disorders","Fair",4536264.998541,772726.464932308
"Condition","health","Other GI","Fair",5257368.454322,840199.847144073
"Condition","health","Other stomach and intestinal disorders","Fair",1591494.255944,402686.972481459
"Condition","health","Other urinary","Fair",2421622.298302,392247.949414431
"Condition","health","Otitis media","Fair",5485661.556167,2096287.95097671
"Condition","health","Paralysis","Fair",440856.258252,186772.423733872
"Condition","health","Perinatal Conditions","Fair",1257.750524,1257.750524
"Condition","health","Pneumonia","Fair",2837113.595591,529154.066930426
"Condition","health","Poisoning by medical and non-medical substances","Fair",245680.726015,80686.3408629917
"Condition","health","Residual Codes","Fair",9170943.702473,1036747.23539447
"Condition","health","Skin disorders","Fair",7257664.401909,1078690.90175279
"Condition","health","Symptoms","Fair",1906892.204251,430386.829856592
"Condition","health","Systemic lupus and connective tissues disorders","Fair",13941104.936847,2002294.55551221
"Condition","health","Thyroid disease","Fair",5610995.020623,645372.081856843
"Condition","health","Tonsillitis","Fair",290437.145817,225001.914380111
"Condition","health","Trauma-related disorders","Fair",24585356.68699,3504404.68344008
"Condition","health","Urinary tract infections","Fair",1980152.21501,341930.503474373
"Condition","health","Acute Bronchitis and URI","Poor",2398798.750758,449611.656751729
"Condition","health","Allergic reactions","Poor",494239.830929,164860.933886746
"Condition","health","Anemia and other deficiencies","Poor",513349.085447,165916.925775832
"Condition","health","Back problems","Poor",14142817.255001,2334826.73648579
"Condition","health","Cancer","Poor",16272637.594734,3509550.03651039
"Condition","health","Cataract","Poor",1392756.402662,346751.037352844
"Condition","health","Cerebrovascular disease","Poor",4809161.632841,1500673.25020482
"Condition","health","CNS infection","Poor",35385.117153,1084.721727
"Condition","health","Complications of surgery or device","Poor",400385.017005,125073.949911668
"Condition","health","Congenital anomalies","Poor",493036.682922,217761.508485199
"Condition","health","COPD, asthma","Poor",17370871.009172,2024867.1291205
"Condition","health","Diabetes mellitus","Poor",19086066.753858,2388109.23895334
"Condition","health","Disorders of mouth and esophagus","Poor",292254.81413,147983.802978834
"Condition","health","Disorders of teeth and jaws","Poor",284894.191302,75686.8725380396
"Condition","health","Disorders of the upper GI","Poor",3493441.009126,549040.737438537
"Condition","health","Epilepsy and convulsions","Poor",1447384.643156,418093.304914435
"Condition","health","Female genital disorders, and contraception","Poor",1156566.997381,295064.689353226
"Condition","health","Gallbladder, pancreatic, and liver disease","Poor",2018696.820492,495492.807011618
"Condition","health","Glaucoma","Poor",1494988.724067,488026.771895362
"Condition","health","Headache","Poor",1830873.51689,543494.010741651
"Condition","health","Heart disease","Poor",25245287.408763,3981347.01398821
"Condition","health","Hemorrhagic, coagulation, and disorders of White Blood cells","Poor",710340.140539,324040.422776107
"Condition","health","Hereditary, degenerative and other nervous system disorders","Poor",2344191.039451,679267.573770291
"Condition","health","Hernias","Poor",1497095.271016,462047.086808156
"Condition","health","Hyperlipidemia","Poor",3576785.999987,559468.024193255
"Condition","health","Hypertension","Poor",19839322.324764,2981765.98374427
"Condition","health","Infectious diseases","Poor",5005926.874144,1325775.99145912
"Condition","health","Influenza","Poor",414490.20014,130964.123354015
"Condition","health","Intestinal infection","Poor",484224.8621,140156.245601533
"Condition","health","Kidney Disease","Poor",8130364.979974,2704527.3515117
"Condition","health","Male genital disorders","Poor",1047836.328845,363595.470177663
"Condition","health","Mental disorders","Poor",19836445.06459,3070155.55557482
"Condition","health","Non-malignant breast disease","Poor",232834.33477,132122.755629843
"Condition","health","Non-malignant neoplasm","Poor",178195.102881,68337.0803155773
"Condition","health","Normal birth/live born","Poor",147208.427444,104334.652996607
"Condition","health","Osteoarthritis and other non-traumatic joint disorders","Poor",17618859.619972,2234421.8443391
"Condition","health","Other bone and musculoskeletal disease","Poor",3515851.96221,1722852.37800267
"Condition","health","Other care and screening","Poor",5510782.677706,944539.705335498
"Condition","health","Other circulatory conditions arteries, veins, and lymphatics","Poor",3250058.697891,707859.076243171
"Condition","health","Other CNS disorders","Poor",6219585.684081,1230993.01260368
"Condition","health","Other endocrine, nutritional & immune disorder","Poor",5979005.651864,1110542.91776774
"Condition","health","Other eye disorders","Poor",1972640.27771,399347.655126721
"Condition","health","Other GI","Poor",2818252.303794,554096.459904287
"Condition","health","Other stomach and intestinal disorders","Poor",775430.596425,319860.661955433
"Condition","health","Other urinary","Poor",1185820.84201,435081.565488684
"Condition","health","Otitis media","Poor",727171.073359,227031.878499534
"Condition","health","Paralysis","Poor",494766.86797,243217.332611627
"Condition","health","Perinatal Conditions","Poor",31457.337519,31457.337519
"Condition","health","Pneumonia","Poor",1754036.950368,431429.357624145
"Condition","health","Poisoning by medical and non-medical substances","Poor",186443.876494,65045.8707494832
"Condition","health","Residual Codes","Poor",9619466.464688,1259746.20095687
"Condition","health","Skin disorders","Poor",4711688.897592,783045.177270539
"Condition","health","Symptoms","Poor",1451238.921716,323718.134671051
"Condition","health","Systemic lupus and connective tissues disorders","Poor",5998648.003845,949806.967007323
"Condition","health","Thyroid disease","Poor",3360107.340516,626641.719600106
"Condition","health","Tonsillitis","Poor",2939.056058,2939.056058
"Condition","health","Trauma-related disorders","Poor",10100892.461184,1799197.22954868
"Condition","health","Urinary tract infections","Poor",1736111.579007,392699.746424636
"Condition","health","Acute Bronchitis and URI","Missing",72980.413854,72980.413854
"Condition","health","Cancer","Missing",932874.492519,423865.500590723
"Condition","health","Cerebrovascular disease","Missing",246375.079436,137336.210247054
"Condition","health","Complications of surgery or device","Missing",30015.757218,22857.9172901535
"Condition","health","Congenital anomalies","Missing",56990.01855,56990.01855
"Condition","health","COPD, asthma","Missing",137608.342395,96966.974965246
"Condition","health","Diabetes mellitus","Missing",352110.685173,167916.837773611
"Condition","health","Disorders of the upper GI","Missing",32299.517907,21314.9583118274
"Condition","health","Epilepsy and convulsions","Missing",114049.19527,105427.285126302
"Condition","health","Gallbladder, pancreatic, and liver disease","Missing",38200.979256,38200.979256
"Condition","health","Heart disease","Missing",1025195.271952,333370.516962674
"Condition","health","Hereditary, degenerative and other nervous system disorders","Missing",16818.872721,16818.872721
"Condition","health","Hyperlipidemia","Missing",5344.60448,5344.60448
"Condition","health","Hypertension","Missing",133076.939184,107360.497998277
"Condition","health","Infectious diseases","Missing",58209.270285,37709.9384759816
"Condition","health","Kidney Disease","Missing",18204.957426,18204.957426
"Condition","health","Male genital disorders","Missing",2672.30224,2672.30224
"Condition","health","Mental disorders","Missing",98068.431673,45320.8179107929
"Condition","health","Normal birth/live born","Missing",4462.82969,4462.82969
"Condition","health","Osteoarthritis and other non-traumatic joint disorders","Missing",29979.052268,29979.052268
"Condition","health","Other bone and musculoskeletal disease","Missing",29979.052268,29979.052268
"Condition","health","Other care and screening","Missing",62698.369379,36826.6122937309
"Condition","health","Other circulatory conditions arteries, veins, and lymphatics","Missing",177105.262026,134482.646402997
"Condition","health","Other CNS disorders","Missing",54317.667019,54317.667019
"Condition","health","Other endocrine, nutritional & immune disorder","Missing",82530.408578,58427.6223673987
"Condition","health","Other GI","Missing",127050.368554,73269.5430389635
"Condition","health","Other stomach and intestinal disorders","Missing",7759.666717,7759.666717
"Condition","health","Pneumonia","Missing",21008.359513,21008.359513
"Condition","health","Residual Codes","Missing",42945.003093,30373.7962886336
"Condition","health","Skin disorders","Missing",7382.015823,7382.015823
"Condition","health","Symptoms","Missing",16850.798851,16850.798851
"Condition","health","Systemic lupus and connective tissues disorders","Missing",458728.25515,425848.869771416
"Condition","health","Trauma-related disorders","Missing",152920.924584,99735.5800911666
"Condition","health","Urinary tract infections","Missing",59958.104536,59958.104536
"Condition","mnhlth","Acute Bronchitis and URI","Excellent",39537658.750931,2238833.58039979
"Condition","mnhlth","Allergic reactions","Excellent",6451743.336035,721213.229377998
"Condition","mnhlth","Anemia and other deficiencies","Excellent",1227523.269682,272506.9298367
"Condition","mnhlth","Appendicitis","Excellent",281612.57423,109349.765015769
"Condition","mnhlth","Back problems","Excellent",27967847.001502,3605950.38394078
"Condition","mnhlth","Cancer","Excellent",16965551.206072,2808799.73512313
"Condition","mnhlth","Cataract","Excellent",4394910.224954,993937.199848885
"Condition","mnhlth","Cerebrovascular disease","Excellent",1700274.921909,525025.828943676
"Condition","mnhlth","CNS infection","Excellent",352142.307955,212552.216530262
"Condition","mnhlth","Complications of pregnancy and birth","Excellent",1135175.950314,399191.352696894
"Condition","mnhlth","Complications of surgery or device","Excellent",487808.111136,127504.474356848
"Condition","mnhlth","Congenital anomalies","Excellent",1090480.915869,280500.605436401
"Condition","mnhlth","COPD, asthma","Excellent",64421770.69822,3907801.41909874
"Condition","mnhlth","Diabetes mellitus","Excellent",16426777.952962,1622363.41650771
"Condition","mnhlth","Disorders of mouth and esophagus","Excellent",539594.580483,112396.816793206
"Condition","mnhlth","Disorders of teeth and jaws","Excellent",4067257.387657,423912.54018443
"Condition","mnhlth","Disorders of the upper GI","Excellent",7767356.585072,794096.479640523
"Condition","mnhlth","Epilepsy and convulsions","Excellent",1574913.208078,357674.565198396
"Condition","mnhlth","Female genital disorders, and contraception","Excellent",14687931.719866,1097337.0777693
"Condition","mnhlth","Gallbladder, pancreatic, and liver disease","Excellent",2521506.803407,547295.931242608
"Condition","mnhlth","Glaucoma","Excellent",4325729.486977,789324.707315567
"Condition","mnhlth","Headache","Excellent",7145469.483337,1471073.52352972
"Condition","mnhlth","Heart disease","Excellent",20306376.114341,2028812.71857898
"Condition","mnhlth","Hemorrhagic, coagulation, and disorders of White Blood cells","Excellent",1157586.099126,393958.135115617
"Condition","mnhlth","Hereditary, degenerative and other nervous system disorders","Excellent",727340.426556,335066.070027627
"Condition","mnhlth","Hernias","Excellent",2698296.583039,421652.382821416
"Condition","mnhlth","Hyperlipidemia","Excellent",10928945.505665,897226.803067814
"Condition","mnhlth","Hypertension","Excellent",36398051.771419,2446950.59940792
"Condition","mnhlth","Infectious diseases","Excellent",14663542.170987,1193842.57691807
"Condition","mnhlth","Influenza","Excellent",4383904.744452,528891.708114747
"Condition","mnhlth","Intestinal infection","Excellent",7589492.067928,600962.165160742
"Condition","mnhlth","Kidney Disease","Excellent",2757214.593575,816849.771438846
"Condition","mnhlth","Male genital disorders","Excellent",2401023.635585,461087.184488068
"Condition","mnhlth","Mental disorders","Excellent",15816430.19868,2319683.35792785
"Condition","mnhlth","Non-malignant breast disease","Excellent",2911980.007431,464753.275317039
"Condition","mnhlth","Non-malignant neoplasm","Excellent",2941178.563282,359014.105437647
"Condition","mnhlth","Normal birth/live born","Excellent",23084011.004531,2913971.13268758
"Condition","mnhlth","Osteoarthritis and other non-traumatic joint disorders","Excellent",20178528.532857,2330293.29223678
"Condition","mnhlth","Other bone and musculoskeletal disease","Excellent",6222463.488836,1808690.64347597
"Condition","mnhlth","Other care and screening","Excellent",19666887.088152,1705846.39053293
"Condition","mnhlth","Other circulatory conditions arteries, veins, and lymphatics","Excellent",5376539.44499,887859.060464813
"Condition","mnhlth","Other CNS disorders","Excellent",15795999.225903,1818715.36963245
"Condition","mnhlth","Other endocrine, nutritional & immune disorder","Excellent",8478955.610502,853001.224189446
"Condition","mnhlth","Other eye disorders","Excellent",10712044.158739,976460.567050182
"Condition","mnhlth","Other GI","Excellent",4356873.973765,496246.727101674
"Condition","mnhlth","Other stomach and intestinal disorders","Excellent",2134849.00774,587567.608868588
"Condition","mnhlth","Other urinary","Excellent",2450898.8036,451556.622470201
"Condition","mnhlth","Otitis media","Excellent",22927702.253326,2725945.09855901
"Condition","mnhlth","Paralysis","Excellent",247512.481026,156975.342726956
"Condition","mnhlth","Perinatal Conditions","Excellent",294082.152919,154504.742373789
"Condition","mnhlth","Pneumonia","Excellent",4021559.533356,528866.940164053
"Condition","mnhlth","Poisoning by medical and non-medical substances","Excellent",1309115.516982,278913.655681697
"Condition","mnhlth","Residual Codes","Excellent",10545183.25351,1083388.42445998
"Condition","mnhlth","Skin disorders","Excellent",21732832.892197,1602098.73088735
"Condition","mnhlth","Symptoms","Excellent",4799075.843992,834530.872340693
"Condition","mnhlth","Systemic lupus and connective tissues disorders","Excellent",14145601.611787,1949999.47747128
"Condition","mnhlth","Thyroid disease","Excellent",10481976.587792,1035090.88049412
"Condition","mnhlth","Tonsillitis","Excellent",1984601.128086,509423.947568215
"Condition","mnhlth","Trauma-related disorders","Excellent",61075840.754275,4666689.15089307
"Condition","mnhlth","Urinary tract infections","Excellent",6320108.10866,710728.069110251
"Condition","mnhlth","Acute Bronchitis and URI","Very good",30488099.160566,2331145.9772073
"Condition","mnhlth","Allergic reactions","Very good",5564458.880078,752949.034580637
"Condition","mnhlth","Anemia and other deficiencies","Very good",3068193.381928,718307.330014482
"Condition","mnhlth","Appendicitis","Very good",185044.783717,108302.563603358
"Condition","mnhlth","Back problems","Very good",28607925.087579,2922081.39797133
"Condition","mnhlth","Cancer","Very good",15774718.545261,2447319.69532636
"Condition","mnhlth","Cataract","Very good",4488656.460033,943864.97728082
"Condition","mnhlth","Cerebrovascular disease","Very good",2669783.54977,903893.011889693
"Condition","mnhlth","CNS infection","Very good",53773.997397,40374.396566674
"Condition","mnhlth","Coma, brain damage","Very good",152446.21364,152446.21364
"Condition","mnhlth","Complications of pregnancy and birth","Very good",1183095.508944,425742.30893962
"Condition","mnhlth","Complications of surgery or device","Very good",674364.920916,167860.589874538
"Condition","mnhlth","Congenital anomalies","Very good",4465444.875391,2556036.31188018
"Condition","mnhlth","COPD, asthma","Very good",57140771.236652,4171188.82429253
"Condition","mnhlth","Diabetes mellitus","Very good",25893164.738235,4314523.08979472
"Condition","mnhlth","Disorders of mouth and esophagus","Very good",1256998.357564,404961.039915928
"Condition","mnhlth","Disorders of teeth and jaws","Very good",3516092.798907,354502.314466264
"Condition","mnhlth","Disorders of the upper GI","Very good",10890278.750458,901304.173431431
"Condition","mnhlth","Epilepsy and convulsions","Very good",3082227.116629,1020690.87979601
"Condition","mnhlth","Female genital disorders, and contraception","Very good",14423867.239012,1094137.25983354
"Condition","mnhlth","Gallbladder, pancreatic, and liver disease","Very good",3242698.932406,831660.123488291
"Condition","mnhlth","Glaucoma","Very good",4443248.969451,670229.884183123
"Condition","mnhlth","Headache","Very good",6711845.536758,906624.45189076
"Condition","mnhlth","Heart disease","Very good",36473501.613774,4055527.54513858
"Condition","mnhlth","Hemorrhagic, coagulation, and disorders of White Blood cells","Very good",1287763.006686,385649.020537249
"Condition","mnhlth","Hereditary, degenerative and other nervous system disorders","Very good",2514585.989923,729757.553954768
"Condition","mnhlth","Hernias","Very good",3054595.335398,600307.826575394
"Condition","mnhlth","Hyperlipidemia","Very good",13136861.846106,1188962.57821528
"Condition","mnhlth","Hypertension","Very good",45973412.406681,2896906.64287416
"Condition","mnhlth","Infectious diseases","Very good",13348577.144684,1599489.78872311
"Condition","mnhlth","Influenza","Very good",4742833.13104,511607.37252898
"Condition","mnhlth","Intestinal infection","Very good",5758244.026445,583823.739610838
"Condition","mnhlth","Kidney Disease","Very good",8788582.633668,2919508.14414519
"Condition","mnhlth","Male genital disorders","Very good",2834032.398582,493057.627351207
"Condition","mnhlth","Mental disorders","Very good",36823764.844606,5077453.74596764
"Condition","mnhlth","Non-malignant breast disease","Very good",1936261.092787,321384.89496241
"Condition","mnhlth","Non-malignant neoplasm","Very good",3347030.988327,480277.311422068
"Condition","mnhlth","Normal birth/live born","Very good",13608474.715245,1840167.36119292
"Condition","mnhlth","Osteoarthritis and other non-traumatic joint disorders","Very good",25540346.688864,2448784.69213373
"Condition","mnhlth","Other bone and musculoskeletal disease","Very good",6684191.593418,1081589.23153382
"Condition","mnhlth","Other care and screening","Very good",22334650.858934,2164705.25172917
"Condition","mnhlth","Other circulatory conditions arteries, veins, and lymphatics","Very good",5713526.642948,985498.879529055
"Condition","mnhlth","Other CNS disorders","Very good",16337910.895018,2126111.90883369
"Condition","mnhlth","Other endocrine, nutritional & immune disorder","Very good",10377030.79078,1143604.54957193
"Condition","mnhlth","Other eye disorders","Very good",10245113.413783,931454.587785393
"Condition","mnhlth","Other GI","Very good",6585438.5072,876261.262501183
"Condition","mnhlth","Other stomach and intestinal disorders","Very good",2450307.058159,567383.936058115
"Condition","mnhlth","Other urinary","Very good",3140222.35445,649854.90087477
"Condition","mnhlth","Otitis media","Very good",13502467.500946,1669673.95595038
"Condition","mnhlth","Paralysis","Very good",322772.624123,204079.053411033
"Condition","mnhlth","Perinatal Conditions","Very good",46084.382744,44844.2737990902
"Condition","mnhlth","Pneumonia","Very good",4346311.208528,654209.753082877
"Condition","mnhlth","Poisoning by medical and non-medical substances","Very good",800236.071309,145080.800541376
"Condition","mnhlth","Residual Codes","Very good",12638372.814711,1482064.34006111
"Condition","mnhlth","Skin disorders","Very good",24038113.075928,1860717.8290996
"Condition","mnhlth","Symptoms","Very good",4035588.06593,471314.202193695
"Condition","mnhlth","Systemic lupus and connective tissues disorders","Very good",20320795.445593,4376321.30574802
"Condition","mnhlth","Thyroid disease","Very good",12464623.660195,947794.844339276
"Condition","mnhlth","Tonsillitis","Very good",1378107.544672,369985.89507964
"Condition","mnhlth","Trauma-related disorders","Very good",47356501.796243,3879634.12648266
"Condition","mnhlth","Urinary tract infections","Very good",5131662.631369,577295.65616705
"Condition","mnhlth","Acute Bronchitis and URI","Good",21749904.429367,1615506.4467736
"Condition","mnhlth","Allergic reactions","Good",5879372.19861,3231079.71914646
"Condition","mnhlth","Anemia and other deficiencies","Good",1708319.267913,341005.049760307
"Condition","mnhlth","Appendicitis","Good",67919.359215,45925.5249967148
"Condition","mnhlth","Back problems","Good",26145252.494845,2558847.09935207
"Condition","mnhlth","Cancer","Good",27097165.523136,4457464.00177239
"Condition","mnhlth","Cataract","Good",3970043.136402,559571.123941861
"Condition","mnhlth","Cerebrovascular disease","Good",4477606.210809,881425.421668698
"Condition","mnhlth","CNS infection","Good",308161.826159,163427.902276068
"Condition","mnhlth","Complications of pregnancy and birth","Good",634324.209366,255577.034735192
"Condition","mnhlth","Complications of surgery or device","Good",791578.859062,210856.134535511
"Condition","mnhlth","Congenital anomalies","Good",2327874.890388,628810.960837679
"Condition","mnhlth","COPD, asthma","Good",51691761.395632,4517459.73808365
"Condition","mnhlth","Diabetes mellitus","Good",35949828.292231,2956101.39267023
"Condition","mnhlth","Disorders of mouth and esophagus","Good",419920.484049,112579.601149839
"Condition","mnhlth","Disorders of teeth and jaws","Good",2660699.081608,367004.130620328
"Condition","mnhlth","Disorders of the upper GI","Good",10317758.572375,913835.402800901
"Condition","mnhlth","Epilepsy and convulsions","Good",3688385.194604,585042.845364898
"Condition","mnhlth","Female genital disorders, and contraception","Good",9481654.547025,850531.530494883
"Condition","mnhlth","Gallbladder, pancreatic, and liver disease","Good",2726488.562944,519162.221189454
"Condition","mnhlth","Glaucoma","Good",3887601.43303,633181.418981401
"Condition","mnhlth","Headache","Good",6096603.266916,756891.125832864
"Condition","mnhlth","Heart disease","Good",40683630.301575,4113539.76304612
"Condition","mnhlth","Hemorrhagic, coagulation, and disorders of White Blood cells","Good",1108295.697156,462865.181388851
"Condition","mnhlth","Hereditary, degenerative and other nervous system disorders","Good",2840542.298866,738688.217175573
"Condition","mnhlth","Hernias","Good",3239557.330122,481513.226290696
"Condition","mnhlth","Hyperlipidemia","Good",11667747.373395,1056317.52726894
"Condition","mnhlth","Hypertension","Good",50647294.241187,3315147.35562756
"Condition","mnhlth","Infectious diseases","Good",13809029.090406,1770669.64834815
"Condition","mnhlth","Influenza","Good",3375037.239696,493830.120650363
"Condition","mnhlth","Intestinal infection","Good",4440272.982396,478932.174713628
"Condition","mnhlth","Kidney Disease","Good",6132821.390048,1852919.92207957
"Condition","mnhlth","Male genital disorders","Good",2765389.022684,476822.001783922
"Condition","mnhlth","Mental disorders","Good",62294665.517236,9340437.29953785
"Condition","mnhlth","Non-malignant breast disease","Good",1469343.435837,360060.243675133
"Condition","mnhlth","Non-malignant neoplasm","Good",1603616.015512,315462.166199155
"Condition","mnhlth","Normal birth/live born","Good",9588651.232292,1513151.09594129
"Condition","mnhlth","Osteoarthritis and other non-traumatic joint disorders","Good",31860078.865885,3043757.73999915
"Condition","mnhlth","Other bone and musculoskeletal disease","Good",6809550.571908,2277973.53274951
"Condition","mnhlth","Other care and screening","Good",22484254.706523,3075148.68940525
"Condition","mnhlth","Other circulatory conditions arteries, veins, and lymphatics","Good",9104955.9643,1322303.1309747
"Condition","mnhlth","Other CNS disorders","Good",14471516.06983,1741851.73319758
"Condition","mnhlth","Other endocrine, nutritional & immune disorder","Good",12253790.438405,1019842.70213692
"Condition","mnhlth","Other eye disorders","Good",8631005.899303,838069.119712091
"Condition","mnhlth","Other GI","Good",7535177.991354,858079.457088534
"Condition","mnhlth","Other stomach and intestinal disorders","Good",2103678.917965,543189.51957066
"Condition","mnhlth","Other urinary","Good",3298196.820987,508427.891022843
"Condition","mnhlth","Otitis media","Good",7118912.667156,738951.370253805
"Condition","mnhlth","Paralysis","Good",791810.018418,325872.008921928
"Condition","mnhlth","Perinatal Conditions","Good",35274.275141,31688.0592115472
"Condition","mnhlth","Pneumonia","Good",4727642.505592,654534.835322402
"Condition","mnhlth","Poisoning by medical and non-medical substances","Good",984360.454643,216584.544808673
"Condition","mnhlth","Residual Codes","Good",16064127.577584,1870930.9323648
"Condition","mnhlth","Skin disorders","Good",16398405.377536,1643151.40970605
"Condition","mnhlth","Symptoms","Good",3841738.831441,544956.915224055
"Condition","mnhlth","Systemic lupus and connective tissues disorders","Good",14247298.385756,1503930.68532578
"Condition","mnhlth","Thyroid disease","Good",10808482.419829,1085476.47910223
"Condition","mnhlth","Tonsillitis","Good",402242.622913,126443.504424365
"Condition","mnhlth","Trauma-related disorders","Good",43409096.845728,3852032.78499745
"Condition","mnhlth","Urinary tract infections","Good",4413446.122986,537040.35620716
"Condition","mnhlth","Acute Bronchitis and URI","Fair",3297445.689414,510014.849248895
"Condition","mnhlth","Allergic reactions","Fair",669553.37758,224745.940625076
"Condition","mnhlth","Anemia and other deficiencies","Fair",527805.467789,336018.714302851
"Condition","mnhlth","Back problems","Fair",9833292.339509,2649770.50893417
"Condition","mnhlth","Cancer","Fair",5901214.854414,1499428.62322389
"Condition","mnhlth","Cataract","Fair",1302751.5485,534398.117093174
"Condition","mnhlth","Cerebrovascular disease","Fair",2827054.139638,1248879.9858499
"Condition","mnhlth","CNS infection","Fair",281551.596403,225953.359386764
"Condition","mnhlth","Complications of pregnancy and birth","Fair",58128.740623,36185.1248772681
"Condition","mnhlth","Complications of surgery or device","Fair",143928.580564,56757.7526694274
"Condition","mnhlth","Congenital anomalies","Fair",1805260.048522,979502.865467548
"Condition","mnhlth","COPD, asthma","Fair",14293903.519757,2132461.12947645
"Condition","mnhlth","Diabetes mellitus","Fair",13570800.899915,2388378.32232066
"Condition","mnhlth","Disorders of mouth and esophagus","Fair",156729.008216,110977.100534395
"Condition","mnhlth","Disorders of teeth and jaws","Fair",774746.715894,179378.352625152
"Condition","mnhlth","Disorders of the upper GI","Fair",2339747.228168,362338.6610663
"Condition","mnhlth","Epilepsy and convulsions","Fair",2749828.910124,748418.94075399
"Condition","mnhlth","Female genital disorders, and contraception","Fair",3008943.183884,698228.855499517
"Condition","mnhlth","Gallbladder, pancreatic, and liver disease","Fair",1068737.458733,328443.141600588
"Condition","mnhlth","Glaucoma","Fair",1441678.675958,386843.700315966
"Condition","mnhlth","Headache","Fair",2233991.488688,516136.839233144
"Condition","mnhlth","Heart disease","Fair",12238751.290632,1757856.78894443
"Condition","mnhlth","Hemorrhagic, coagulation, and disorders of White Blood cells","Fair",543187.057148,183322.90485517
"Condition","mnhlth","Hereditary, degenerative and other nervous system disorders","Fair",1713175.940244,620995.404808105
"Condition","mnhlth","Hernias","Fair",875793.22803,264006.051104636
"Condition","mnhlth","Hyperlipidemia","Fair",3257383.715055,502508.020237268
"Condition","mnhlth","Hypertension","Fair",13000671.397367,1313337.80259633
"Condition","mnhlth","Infectious diseases","Fair",2651258.976348,452956.721143452
"Condition","mnhlth","Influenza","Fair",629663.801207,228586.726923255
"Condition","mnhlth","Intestinal infection","Fair",803566.018916,179703.330683903
"Condition","mnhlth","Kidney Disease","Fair",2857043.892813,1224295.53441253
"Condition","mnhlth","Male genital disorders","Fair",828622.275913,251723.041868599
"Condition","mnhlth","Mental disorders","Fair",36613871.257395,4705910.41310699
"Condition","mnhlth","Non-malignant breast disease","Fair",244466.831027,111044.953306941
"Condition","mnhlth","Non-malignant neoplasm","Fair",175192.167058,62289.113735637
"Condition","mnhlth","Normal birth/live born","Fair",1993997.874805,819073.660558161
"Condition","mnhlth","Osteoarthritis and other non-traumatic joint disorders","Fair",11264301.145374,1617510.45754736
"Condition","mnhlth","Other bone and musculoskeletal disease","Fair",844334.163016,234464.166618191
"Condition","mnhlth","Other care and screening","Fair",5583298.17363,809139.525692925
"Condition","mnhlth","Other circulatory conditions arteries, veins, and lymphatics","Fair",1994378.554966,481458.893383044
"Condition","mnhlth","Other CNS disorders","Fair",5097414.069601,1212673.85591105
"Condition","mnhlth","Other endocrine, nutritional & immune disorder","Fair",5241998.334351,1792293.7573169
"Condition","mnhlth","Other eye disorders","Fair",2363073.754947,524957.952247216
"Condition","mnhlth","Other GI","Fair",2175152.740531,571443.681285574
"Condition","mnhlth","Other stomach and intestinal disorders","Fair",387957.844495,228375.472133369
"Condition","mnhlth","Other urinary","Fair",1012427.469103,351665.830720548
"Condition","mnhlth","Otitis media","Fair",1258189.905918,407128.038693893
"Condition","mnhlth","Paralysis","Fair",342737.986634,173837.39976837
"Condition","mnhlth","Pneumonia","Fair",1199159.488895,323759.535891254
"Condition","mnhlth","Poisoning by medical and non-medical substances","Fair",183970.161011,63215.2662365318
"Condition","mnhlth","Residual Codes","Fair",7420924.373383,1098066.32163726
"Condition","mnhlth","Skin disorders","Fair",3411131.175566,556265.796053555
"Condition","mnhlth","Symptoms","Fair",1168904.560101,268849.239106861
"Condition","mnhlth","Systemic lupus and connective tissues disorders","Fair",8971512.07045,1561210.99629357
"Condition","mnhlth","Thyroid disease","Fair",2907207.886149,520996.025106201
"Condition","mnhlth","Tonsillitis","Fair",195854.769332,170871.619066739
"Condition","mnhlth","Trauma-related disorders","Fair",12322561.69647,2150630.46199983
"Condition","mnhlth","Urinary tract infections","Fair",1666390.856429,372515.050341399
"Condition","mnhlth","Acute Bronchitis and URI","Poor",823824.969896,209463.784767197
"Condition","mnhlth","Allergic reactions","Poor",32354.301321,28862.6327442078
"Condition","mnhlth","Anemia and other deficiencies","Poor",91600.483046,50323.640449047
"Condition","mnhlth","Back problems","Poor",6432485.180651,2150669.64679435
"Condition","mnhlth","Cancer","Poor",2088605.705891,1284837.90491562
"Condition","mnhlth","Cataract","Poor",606300.89201,214041.391572387
"Condition","mnhlth","Cerebrovascular disease","Poor",1295312.573411,371734.428096417
"Condition","mnhlth","Complications of pregnancy and birth","Poor",48135.659296,48135.659296
"Condition","mnhlth","Complications of surgery or device","Poor",171761.966647,71807.7973607429
"Condition","mnhlth","Congenital anomalies","Poor",85344.043909,46076.4446485259
"Condition","mnhlth","COPD, asthma","Poor",5038474.992972,1033609.99910441
"Condition","mnhlth","Diabetes mellitus","Poor",5103237.388703,1079003.61340945
"Condition","mnhlth","Disorders of mouth and esophagus","Poor",66105.68271,43793.0429151924
"Condition","mnhlth","Disorders of teeth and jaws","Poor",204853.716804,90801.0524071937
"Condition","mnhlth","Disorders of the upper GI","Poor",915685.768761,192021.969126116
"Condition","mnhlth","Epilepsy and convulsions","Poor",1151738.830472,431254.2485224
"Condition","mnhlth","Female genital disorders, and contraception","Poor",986747.150324,336010.611374047
"Condition","mnhlth","Gallbladder, pancreatic, and liver disease","Poor",490235.463328,263875.54587542
"Condition","mnhlth","Glaucoma","Poor",302446.890187,199675.50984324
"Condition","mnhlth","Headache","Poor",958327.75748,377900.852527777
"Condition","mnhlth","Heart disease","Poor",8695714.12084,1830117.08170128
"Condition","mnhlth","Hemorrhagic, coagulation, and disorders of White Blood cells","Poor",176151.113914,73761.4415316184
"Condition","mnhlth","Hereditary, degenerative and other nervous system disorders","Poor",660320.835547,294657.218236601
"Condition","mnhlth","Hernias","Poor",331122.611202,179887.050049944
"Condition","mnhlth","Hyperlipidemia","Poor",956557.541473,269600.591086168
"Condition","mnhlth","Hypertension","Poor",6760293.548144,1420216.03197324
"Condition","mnhlth","Infectious diseases","Poor",1193844.954701,440841.508011291
"Condition","mnhlth","Influenza","Poor",183297.818154,89632.050123564
"Condition","mnhlth","Intestinal infection","Poor",593913.571492,202422.225781637
"Condition","mnhlth","Kidney Disease","Poor",1818631.720314,1494147.59341167
"Condition","mnhlth","Male genital disorders","Poor",70965.81305,60963.3817541649
"Condition","mnhlth","Mental disorders","Poor",26817647.953944,5803161.75285097
"Condition","mnhlth","Non-malignant breast disease","Poor",107977.779896,96757.800357568
"Condition","mnhlth","Non-malignant neoplasm","Poor",37212.032714,29991.4451665904
"Condition","mnhlth","Normal birth/live born","Poor",56240.777306,56240.777306
"Condition","mnhlth","Osteoarthritis and other non-traumatic joint disorders","Poor",4747462.302507,1476460.38584702
"Condition","mnhlth","Other bone and musculoskeletal disease","Poor",672808.411755,266629.747424363
"Condition","mnhlth","Other care and screening","Poor",2329999.161126,551477.436527604
"Condition","mnhlth","Other circulatory conditions arteries, veins, and lymphatics","Poor",419923.090189,143927.954497371
"Condition","mnhlth","Other CNS disorders","Poor",1580713.067269,583380.294249168
"Condition","mnhlth","Other endocrine, nutritional & immune disorder","Poor",1309078.342026,285901.459662696
"Condition","mnhlth","Other eye disorders","Poor",935174.315114,287210.421831649
"Condition","mnhlth","Other GI","Poor",541553.269109,149898.276368976
"Condition","mnhlth","Other stomach and intestinal disorders","Poor",249546.086383,209898.392521357
"Condition","mnhlth","Other urinary","Poor",346904.659256,128248.216988193
"Condition","mnhlth","Otitis media","Poor",285623.69138,111248.247284797
"Condition","mnhlth","Paralysis","Poor",208938.257442,149533.865450248
"Condition","mnhlth","Pneumonia","Poor",165707.153361,56206.7648240808
"Condition","mnhlth","Poisoning by medical and non-medical substances","Poor",505995.820357,476645.786726637
"Condition","mnhlth","Residual Codes","Poor",3772547.716605,694443.431894525
"Condition","mnhlth","Skin disorders","Poor",1655668.011862,446442.24712587
"Condition","mnhlth","Symptoms","Poor",609746.563102,248350.699494264
"Condition","mnhlth","Systemic lupus and connective tissues disorders","Poor",943118.566607,298391.518267556
"Condition","mnhlth","Thyroid disease","Poor",1088820.445897,288310.465369788
"Condition","mnhlth","Trauma-related disorders","Poor",5922887.90839,1558890.91080718
"Condition","mnhlth","Urinary tract infections","Poor",461165.943639,184265.746903452
"Condition","mnhlth","Acute Bronchitis and URI","Missing",72980.413854,72980.413854
"Condition","mnhlth","Cancer","Missing",932874.492519,423865.500590723
"Condition","mnhlth","Cerebrovascular disease","Missing",246375.079436,137336.210247054
"Condition","mnhlth","Complications of surgery or device","Missing",30015.757218,22857.9172901535
"Condition","mnhlth","Congenital anomalies","Missing",101348.671402,72218.7807787808
"Condition","mnhlth","COPD, asthma","Missing",137608.342395,96966.974965246
"Condition","mnhlth","Diabetes mellitus","Missing",352110.685173,167916.837773611
"Condition","mnhlth","Disorders of the upper GI","Missing",32299.517907,21314.9583118274
"Condition","mnhlth","Epilepsy and convulsions","Missing",114049.19527,105427.285126302
"Condition","mnhlth","Gallbladder, pancreatic, and liver disease","Missing",38200.979256,38200.979256
"Condition","mnhlth","Heart disease","Missing",1025195.271952,333370.516962674
"Condition","mnhlth","Hereditary, degenerative and other nervous system disorders","Missing",16818.872721,16818.872721
"Condition","mnhlth","Hyperlipidemia","Missing",5344.60448,5344.60448
"Condition","mnhlth","Hypertension","Missing",133076.939184,107360.497998277
"Condition","mnhlth","Infectious diseases","Missing",58209.270285,37709.9384759816
"Condition","mnhlth","Kidney Disease","Missing",18204.957426,18204.957426
"Condition","mnhlth","Male genital disorders","Missing",2672.30224,2672.30224
"Condition","mnhlth","Mental disorders","Missing",98068.431673,45320.8179107929
"Condition","mnhlth","Normal birth/live born","Missing",4462.82969,4462.82969
"Condition","mnhlth","Osteoarthritis and other non-traumatic joint disorders","Missing",29979.052268,29979.052268
"Condition","mnhlth","Other bone and musculoskeletal disease","Missing",63248.041907,44783.5823320038
"Condition","mnhlth","Other care and screening","Missing",62698.369379,36826.6122937309
"Condition","mnhlth","Other circulatory conditions arteries, veins, and lymphatics","Missing",177105.262026,134482.646402997
"Condition","mnhlth","Other CNS disorders","Missing",87586.656658,63696.4255040018
"Condition","mnhlth","Other endocrine, nutritional & immune disorder","Missing",82530.408578,58427.6223673987
"Condition","mnhlth","Other GI","Missing",127050.368554,73269.5430389635
"Condition","mnhlth","Other stomach and intestinal disorders","Missing",7759.666717,7759.666717
"Condition","mnhlth","Pneumonia","Missing",21008.359513,21008.359513
"Condition","mnhlth","Residual Codes","Missing",42945.003093,30373.7962886336
"Condition","mnhlth","Skin disorders","Missing",7382.015823,7382.015823
"Condition","mnhlth","Symptoms","Missing",16850.798851,16850.798851
"Condition","mnhlth","Systemic lupus and connective tissues disorders","Missing",458728.25515,425848.869771416
"Condition","mnhlth","Trauma-related disorders","Missing",152920.924584,99735.5800911666
"Condition","mnhlth","Urinary tract infections","Missing",59958.104536,59958.104536
"Condition","agegrps_v2X","Acute Bronchitis and URI","Under 18",40008387.199648,2635641.8412721
"Condition","agegrps_v2X","Allergic reactions","Under 18",4701973.997021,768376.389672943
"Condition","agegrps_v2X","Anemia and other deficiencies","Under 18",428738.891918,133414.827157172
"Condition","agegrps_v2X","Appendicitis","Under 18",346736.425521,134831.120377772
"Condition","agegrps_v2X","Back problems","Under 18",2702376.81726,1454054.49470475
"Condition","agegrps_v2X","Cancer","Under 18",588581.619811,251765.76718438
"Condition","agegrps_v2X","Cataract","Under 18",41371.007552,24328.703081629
"Condition","agegrps_v2X","Cerebrovascular disease","Under 18",14264.827585,12469.5728698252
"Condition","agegrps_v2X","CNS infection","Under 18",318717.589202,228683.496896365
"Condition","agegrps_v2X","Complications of pregnancy and birth","Under 18",108158.329748,100871.975170589
"Condition","agegrps_v2X","Complications of surgery or device","Under 18",240545.701977,77970.9689028705
"Condition","agegrps_v2X","Congenital anomalies","Under 18",6436386.533281,2708588.68619565
"Condition","agegrps_v2X","COPD, asthma","Under 18",46539765.008144,3462019.62105931
"Condition","agegrps_v2X","Diabetes mellitus","Under 18",385568.207947,189318.279242513
"Condition","agegrps_v2X","Disorders of mouth and esophagus","Under 18",226591.776283,77712.9071830661
"Condition","agegrps_v2X","Disorders of teeth and jaws","Under 18",1722447.690844,307391.853181525
"Condition","agegrps_v2X","Disorders of the upper GI","Under 18",1860253.972782,334683.862422768
"Condition","agegrps_v2X","Epilepsy and convulsions","Under 18",2870946.148362,967461.449712997
"Condition","agegrps_v2X","Female genital disorders, and contraception","Under 18",1135474.398721,238593.657075939
"Condition","agegrps_v2X","Gallbladder, pancreatic, and liver disease","Under 18",878978.042898,243744.191101649
"Condition","agegrps_v2X","Glaucoma","Under 18",65292.527323,46174.4085068904
"Condition","agegrps_v2X","Headache","Under 18",1022487.35679,237045.500961885
"Condition","agegrps_v2X","Heart disease","Under 18",1781712.787041,667322.239835109
"Condition","agegrps_v2X","Hemorrhagic, coagulation, and disorders of White Blood cells","Under 18",457171.818718,167512.904350234
"Condition","agegrps_v2X","Hereditary, degenerative and other nervous system disorders","Under 18",65559.108893,37577.8232712921
"Condition","agegrps_v2X","Hernias","Under 18",332074.409764,113293.493799409
"Condition","agegrps_v2X","Hyperlipidemia","Under 18",35624.690643,21199.1438178083
"Condition","agegrps_v2X","Hypertension","Under 18",72881.999068,47459.8414424644
"Condition","agegrps_v2X","Infectious diseases","Under 18",11266871.329276,824253.851167753
"Condition","agegrps_v2X","Influenza","Under 18",4254014.110536,536768.066586627
"Condition","agegrps_v2X","Intestinal infection","Under 18",5889608.037229,475201.545115737
"Condition","agegrps_v2X","Kidney Disease","Under 18",828682.71758,321581.901618647
"Condition","agegrps_v2X","Male genital disorders","Under 18",280009.683415,140315.094869642
"Condition","agegrps_v2X","Mental disorders","Under 18",34194630.518539,4241654.40661647
"Condition","agegrps_v2X","Non-malignant breast disease","Under 18",85626.263531,43804.399391526
"Condition","agegrps_v2X","Non-malignant neoplasm","Under 18",386871.872561,112718.403583949
"Condition","agegrps_v2X","Normal birth/live born","Under 18",1041561.049597,371938.965879266
"Condition","agegrps_v2X","Osteoarthritis and other non-traumatic joint disorders","Under 18",3280372.11772,1461052.40756747
"Condition","agegrps_v2X","Other bone and musculoskeletal disease","Under 18",1532703.478344,391472.964749432
"Condition","agegrps_v2X","Other care and screening","Under 18",8966872.688496,2049428.21512355
"Condition","agegrps_v2X","Other circulatory conditions arteries, veins, and lymphatics","Under 18",177159.964359,68794.2427239344
"Condition","agegrps_v2X","Other CNS disorders","Under 18",8970360.764844,2205789.23494218
"Condition","agegrps_v2X","Other endocrine, nutritional & immune disorder","Under 18",3285166.960239,1366540.71336064
"Condition","agegrps_v2X","Other eye disorders","Under 18",7197389.037,622212.219298856
"Condition","agegrps_v2X","Other GI","Under 18",1774133.436914,360790.686007581
"Condition","agegrps_v2X","Other stomach and intestinal disorders","Under 18",84691.920372,45924.8774272344
"Condition","agegrps_v2X","Other urinary","Under 18",699577.832082,172942.418991563
"Condition","agegrps_v2X","Otitis media","Under 18",34055344.893724,3268010.5343649
"Condition","agegrps_v2X","Paralysis","Under 18",657618.173758,253242.206257684
"Condition","agegrps_v2X","Perinatal Conditions","Under 18",375440.810804,163972.12386608
"Condition","agegrps_v2X","Pneumonia","Under 18",3519387.156125,530967.09036639
"Condition","agegrps_v2X","Poisoning by medical and non-medical substances","Under 18",797969.133717,237639.622860834
"Condition","agegrps_v2X","Residual Codes","Under 18",2234720.604273,949846.672952612
"Condition","agegrps_v2X","Skin disorders","Under 18",11431168.698901,1286828.03287327
"Condition","agegrps_v2X","Symptoms","Under 18",3649554.032599,424990.110727847
"Condition","agegrps_v2X","Systemic lupus and connective tissues disorders","Under 18",5276997.703468,3926808.78855668
"Condition","agegrps_v2X","Thyroid disease","Under 18",863853.458676,316459.762706367
"Condition","agegrps_v2X","Tonsillitis","Under 18",2620385.999974,473295.402101488
"Condition","agegrps_v2X","Trauma-related disorders","Under 18",22222533.324493,1689847.67664279
"Condition","agegrps_v2X","Urinary tract infections","Under 18",2215823.392896,401001.385435964
"Condition","agegrps_v2X","Acute Bronchitis and URI","18-64",47444090.752825,2279552.1677055
"Condition","agegrps_v2X","Allergic reactions","18-64",11943852.310574,3293761.71770913
"Condition","agegrps_v2X","Anemia and other deficiencies","18-64",2648141.187529,436291.547874103
"Condition","agegrps_v2X","Appendicitis","18-64",187840.291641,87168.8874428281
"Condition","agegrps_v2X","Back problems","18-64",78055643.74446,5639606.46955538
"Condition","agegrps_v2X","Cancer","18-64",34165683.106436,4620055.87657414
"Condition","agegrps_v2X","Cataract","18-64",2353911.765368,580222.82454383
"Condition","agegrps_v2X","Cerebrovascular disease","18-64",4681767.648599,1122425.4853435
"Condition","agegrps_v2X","CNS infection","18-64",521268.55542,248259.853642955
"Condition","agegrps_v2X","Coma, brain damage","18-64",152446.21364,152446.21364
"Condition","agegrps_v2X","Complications of pregnancy and birth","18-64",2950701.738795,634317.506381655
"Condition","agegrps_v2X","Complications of surgery or device","18-64",1434346.276701,233522.750646628
"Condition","agegrps_v2X","Congenital anomalies","18-64",2785338.866845,709478.89765732
"Condition","agegrps_v2X","COPD, asthma","18-64",107973804.556879,6643489.56657868
"Condition","agegrps_v2X","Diabetes mellitus","18-64",49078965.160952,3791927.83507249
"Condition","agegrps_v2X","Disorders of mouth and esophagus","18-64",1189145.661182,212465.044613683
"Condition","agegrps_v2X","Disorders of teeth and jaws","18-64",7921222.17921,544867.348805883
"Condition","agegrps_v2X","Disorders of the upper GI","18-64",21872983.365804,1239123.26163988
"Condition","agegrps_v2X","Epilepsy and convulsions","18-64",7796987.563448,1101082.99755442
"Condition","agegrps_v2X","Female genital disorders, and contraception","18-64",36637795.138831,2079336.56746804
"Condition","agegrps_v2X","Gallbladder, pancreatic, and liver disease","18-64",6033940.304771,879573.648186628
"Condition","agegrps_v2X","Glaucoma","18-64",4308229.59505,665144.894463674
"Condition","agegrps_v2X","Headache","18-64",20997647.914282,2015944.83462266
"Condition","agegrps_v2X","Heart disease","18-64",42546122.940892,3772587.22669335
"Condition","agegrps_v2X","Hemorrhagic, coagulation, and disorders of White Blood cells","18-64",1647644.376429,436442.682193963
"Condition","agegrps_v2X","Hereditary, degenerative and other nervous system disorders","18-64",4688049.35326,1080374.14217308
"Condition","agegrps_v2X","Hernias","18-64",5927256.687739,675326.464301391
"Condition","agegrps_v2X","Hyperlipidemia","18-64",21390544.632052,1493399.1384067
"Condition","agegrps_v2X","Hypertension","18-64",78057523.377484,3924062.72204603
"Condition","agegrps_v2X","Infectious diseases","18-64",27991231.59246,2460843.14340613
"Condition","agegrps_v2X","Influenza","18-64",7686584.623854,692884.162708497
"Condition","agegrps_v2X","Intestinal infection","18-64",11707222.043132,850640.051200394
"Condition","agegrps_v2X","Kidney Disease","18-64",10098956.786241,2019100.18282778
"Condition","agegrps_v2X","Male genital disorders","18-64",3670874.271301,551118.395665931
"Condition","agegrps_v2X","Mental disorders","18-64",114864988.807254,11084706.1558761
"Condition","agegrps_v2X","Non-malignant breast disease","18-64",5543291.71986,628917.414428842
"Condition","agegrps_v2X","Non-malignant neoplasm","18-64",5728019.011966,577974.533513747
"Condition","agegrps_v2X","Normal birth/live born","18-64",47294277.384272,4062272.23882076
"Condition","agegrps_v2X","Osteoarthritis and other non-traumatic joint disorders","18-64",46651061.460196,3254748.65955286
"Condition","agegrps_v2X","Other bone and musculoskeletal disease","18-64",8810704.035018,2325835.90232487
"Condition","agegrps_v2X","Other care and screening","18-64",37045909.987517,2843508.69438145
"Condition","agegrps_v2X","Other circulatory conditions arteries, veins, and lymphatics","18-64",9541847.20154,1260464.11081893
"Condition","agegrps_v2X","Other CNS disorders","18-64",31618177.849275,2612744.60125142
"Condition","agegrps_v2X","Other endocrine, nutritional & immune disorder","18-64",18267590.953923,1914667.85483782
"Condition","agegrps_v2X","Other eye disorders","18-64",15338229.242919,1203338.32935983
"Condition","agegrps_v2X","Other GI","18-64",10863671.450259,1025155.8565383
"Condition","agegrps_v2X","Other stomach and intestinal disorders","18-64",5248238.597554,944532.491395106
"Condition","agegrps_v2X","Other urinary","18-64",3896630.238711,570968.739137094
"Condition","agegrps_v2X","Otitis media","18-64",9833718.733802,1159531.51469155
"Condition","agegrps_v2X","Paralysis","18-64",934518.892935,373034.40790377
"Condition","agegrps_v2X","Pneumonia","18-64",6804942.858522,735900.994971783
"Condition","agegrps_v2X","Poisoning by medical and non-medical substances","18-64",2479845.975336,554739.844250239
"Condition","agegrps_v2X","Residual Codes","18-64",28597390.94535,2444267.79245022
"Condition","agegrps_v2X","Skin disorders","18-64",41314290.742204,2725586.98182695
"Condition","agegrps_v2X","Symptoms","18-64",7379954.170549,786730.489661466
"Condition","agegrps_v2X","Systemic lupus and connective tissues disorders","18-64",39652725.652493,3240173.74182087
"Condition","agegrps_v2X","Thyroid disease","18-64",22119912.157882,1548154.83027409
"Condition","agegrps_v2X","Tonsillitis","18-64",1118457.008194,421181.695538484
"Condition","agegrps_v2X","Trauma-related disorders","18-64",122883612.905923,7406848.99695078
"Condition","agegrps_v2X","Urinary tract infections","18-64",10795975.610433,870170.776846363
"Condition","agegrps_v2X","Acute Bronchitis and URI","65+",8517435.461555,906080.284346064
"Condition","agegrps_v2X","Allergic reactions","65+",1951655.786029,424954.946358715
"Condition","agegrps_v2X","Anemia and other deficiencies","65+",3546561.790911,796735.10236831
"Condition","agegrps_v2X","Back problems","65+",18228781.542366,2268990.69216803
"Condition","agegrps_v2X","Cancer","65+",34005865.601046,3839426.28393771
"Condition","agegrps_v2X","Cataract","65+",12367379.488979,1453063.56203528
"Condition","agegrps_v2X","Cerebrovascular disease","65+",8520373.998789,1622386.33598985
"Condition","agegrps_v2X","CNS infection","65+",155643.583292,103165.109542904
"Condition","agegrps_v2X","Complications of surgery or device","65+",624566.216865,174025.567265921
"Condition","agegrps_v2X","Congenital anomalies","65+",654028.045355,227707.177494978
"Condition","agegrps_v2X","COPD, asthma","65+",38210720.620605,3246319.16800482
"Condition","agegrps_v2X","Diabetes mellitus","65+",47831386.58832,5066989.53058037
"Condition","agegrps_v2X","Disorders of mouth and esophagus","65+",1023610.675557,412029.814773845
"Condition","agegrps_v2X","Disorders of teeth and jaws","65+",1579979.830816,253377.911801312
"Condition","agegrps_v2X","Disorders of the upper GI","65+",8529889.084155,748161.119635903
"Condition","agegrps_v2X","Epilepsy and convulsions","65+",1693208.743367,443027.016189666
"Condition","agegrps_v2X","Female genital disorders, and contraception","65+",4815874.302559,610455.141732018
"Condition","agegrps_v2X","Gallbladder, pancreatic, and liver disease","65+",3174949.852405,777387.389243707
"Condition","agegrps_v2X","Glaucoma","65+",10027183.33323,1120173.53555704
"Condition","agegrps_v2X","Headache","65+",1126102.262107,255351.21848233
"Condition","agegrps_v2X","Heart disease","65+",75095332.985181,6380865.1427192
"Condition","agegrps_v2X","Hemorrhagic, coagulation, and disorders of White Blood cells","65+",2168166.778883,631612.996890136
"Condition","agegrps_v2X","Hereditary, degenerative and other nervous system disorders","65+",3719175.901704,794663.492710861
"Condition","agegrps_v2X","Hernias","65+",3940033.990288,564040.294248921
"Condition","agegrps_v2X","Hyperlipidemia","65+",18526671.263479,1465494.59168142
"Condition","agegrps_v2X","Hypertension","65+",74782394.92743,4791126.23233685
"Condition","agegrps_v2X","Infectious diseases","65+",6466358.685675,939922.092611518
"Condition","agegrps_v2X","Influenza","65+",1374138.000159,283577.951374333
"Condition","agegrps_v2X","Intestinal infection","65+",1588658.586816,214218.204514709
"Condition","agegrps_v2X","Kidney Disease","65+",11444859.684023,3217011.95671681
"Condition","agegrps_v2X","Male genital disorders","65+",4951821.493338,692493.133664646
"Condition","agegrps_v2X","Mental disorders","65+",29404828.877741,6043499.43745846
"Condition","agegrps_v2X","Non-malignant breast disease","65+",1041111.163587,272292.451128269
"Condition","agegrps_v2X","Non-malignant neoplasm","65+",1989338.882366,374300.771821462
"Condition","agegrps_v2X","Osteoarthritis and other non-traumatic joint disorders","65+",43689263.009839,3728273.00091273
"Condition","agegrps_v2X","Other bone and musculoskeletal disease","65+",10953188.757478,2007636.06446589
"Condition","agegrps_v2X","Other care and screening","65+",26449005.681731,2334751.37340218
"Condition","agegrps_v2X","Other circulatory conditions arteries, veins, and lymphatics","65+",13067421.79352,1464441.09681692
"Condition","agegrps_v2X","Other CNS disorders","65+",12782601.37016,1402775.45462755
"Condition","agegrps_v2X","Other endocrine, nutritional & immune disorder","65+",16190626.01048,1347941.05690976
"Condition","agegrps_v2X","Other eye disorders","65+",10350793.261967,988692.563515975
"Condition","agegrps_v2X","Other GI","65+",8683441.96334,953965.664075769
"Condition","agegrps_v2X","Other stomach and intestinal disorders","65+",2001168.063533,450122.699100619
"Condition","agegrps_v2X","Other urinary","65+",5652442.036603,784934.08852933
"Condition","agegrps_v2X","Otitis media","65+",1203832.3912,310351.794411007
"Condition","agegrps_v2X","Paralysis","65+",321634.30095,161444.286737951
"Condition","agegrps_v2X","Pneumonia","65+",4157058.234598,572324.314380351
"Condition","agegrps_v2X","Poisoning by medical and non-medical substances","65+",505862.915249,119874.557345712
"Condition","agegrps_v2X","Residual Codes","65+",19651989.189263,1619898.17813643
"Condition","agegrps_v2X","Skin disorders","65+",14498073.107807,1447380.24841757
"Condition","agegrps_v2X","Symptoms","65+",3442396.460269,724960.748177606
"Condition","agegrps_v2X","Systemic lupus and connective tissues disorders","65+",14157330.979382,1508625.54450986
"Condition","agegrps_v2X","Thyroid disease","65+",14767345.383304,1263265.55912352
"Condition","agegrps_v2X","Tonsillitis","65+",221963.056835,221963.056835
"Condition","agegrps_v2X","Trauma-related disorders","65+",25133663.695274,2865499.96801105
"Condition","agegrps_v2X","Urinary tract infections","65+",5040932.76429,694864.480282446
"Condition","insurance_v2X","Acute Bronchitis and URI","<65, Any private",74216677.092359,3601269.01173838
"Condition","insurance_v2X","Allergic reactions","<65, Any private",14564937.647793,3354225.34397793
"Condition","insurance_v2X","Anemia and other deficiencies","<65, Any private",2070388.541053,328080.124012034
"Condition","insurance_v2X","Appendicitis","<65, Any private",457811.396024,155465.538119978
"Condition","insurance_v2X","Back problems","<65, Any private",62160703.684273,4196548.20620341
"Condition","insurance_v2X","Cancer","<65, Any private",25802235.090713,3869910.77913487
"Condition","insurance_v2X","Cataract","<65, Any private",2050412.552243,551985.49651914
"Condition","insurance_v2X","Cerebrovascular disease","<65, Any private",2863295.008537,969343.48528446
"Condition","insurance_v2X","CNS infection","<65, Any private",751164.680257,333866.046845154
"Condition","insurance_v2X","Coma, brain damage","<65, Any private",152446.21364,152446.21364
"Condition","insurance_v2X","Complications of pregnancy and birth","<65, Any private",2176350.636017,604407.626565479
"Condition","insurance_v2X","Complications of surgery or device","<65, Any private",1082071.063006,195938.792725227
"Condition","insurance_v2X","Congenital anomalies","<65, Any private",6751338.117047,2642136.25982611
"Condition","insurance_v2X","COPD, asthma","<65, Any private",122025035.752241,7197878.31766508
"Condition","insurance_v2X","Diabetes mellitus","<65, Any private",34490087.306234,3054771.7389185
"Condition","insurance_v2X","Disorders of mouth and esophagus","<65, Any private",1181154.420829,212423.305863963
"Condition","insurance_v2X","Disorders of teeth and jaws","<65, Any private",7453503.744204,587849.598271329
"Condition","insurance_v2X","Disorders of the upper GI","<65, Any private",18507074.693509,1214383.25445405
"Condition","insurance_v2X","Epilepsy and convulsions","<65, Any private",5655091.744737,1167153.2060692
"Condition","insurance_v2X","Female genital disorders, and contraception","<65, Any private",32539905.852131,2049391.20829234
"Condition","insurance_v2X","Gallbladder, pancreatic, and liver disease","<65, Any private",4396161.32406,656044.120411095
"Condition","insurance_v2X","Glaucoma","<65, Any private",3201400.085737,605229.3592522
"Condition","insurance_v2X","Headache","<65, Any private",17299008.020043,1929376.24354752
"Condition","insurance_v2X","Heart disease","<65, Any private",32793330.029695,3498152.04871045
"Condition","insurance_v2X","Hemorrhagic, coagulation, and disorders of White Blood cells","<65, Any private",1594689.677521,440810.080708726
"Condition","insurance_v2X","Hereditary, degenerative and other nervous system disorders","<65, Any private",3384641.750077,870980.191034819
"Condition","insurance_v2X","Hernias","<65, Any private",4762418.152347,613979.735829879
"Condition","insurance_v2X","Hyperlipidemia","<65, Any private",17801567.869595,1313589.74882493
"Condition","insurance_v2X","Hypertension","<65, Any private",59252330.761104,3264952.87780199
"Condition","insurance_v2X","Infectious diseases","<65, Any private",29344276.989911,2040864.14618736
"Condition","insurance_v2X","Influenza","<65, Any private",9726230.925599,880349.19394112
"Condition","insurance_v2X","Intestinal infection","<65, Any private",13526611.067628,958295.750693157
"Condition","insurance_v2X","Kidney Disease","<65, Any private",7619568.851046,1672392.66435182
"Condition","insurance_v2X","Male genital disorders","<65, Any private",3367655.53268,526222.915616781
"Condition","insurance_v2X","Mental disorders","<65, Any private",100527689.705284,10652769.1122331
"Condition","insurance_v2X","Non-malignant breast disease","<65, Any private",5139293.534267,613044.432358089
"Condition","insurance_v2X","Non-malignant neoplasm","<65, Any private",5747192.425096,568523.303899436
"Condition","insurance_v2X","Normal birth/live born","<65, Any private",36600406.901101,3765403.26712166
"Condition","insurance_v2X","Osteoarthritis and other non-traumatic joint disorders","<65, Any private",36647955.936086,3033080.87748479
"Condition","insurance_v2X","Other bone and musculoskeletal disease","<65, Any private",9248989.274756,2343618.17001958
"Condition","insurance_v2X","Other care and screening","<65, Any private",38636444.048007,3873617.98980149
"Condition","insurance_v2X","Other circulatory conditions arteries, veins, and lymphatics","<65, Any private",7871397.320872,1221879.45052993
"Condition","insurance_v2X","Other CNS disorders","<65, Any private",32708284.19968,3098784.48755253
"Condition","insurance_v2X","Other endocrine, nutritional & immune disorder","<65, Any private",17186538.387689,1878709.9217138
"Condition","insurance_v2X","Other eye disorders","<65, Any private",18429491.62592,1342134.96878375
"Condition","insurance_v2X","Other GI","<65, Any private",9137177.467384,958636.140192514
"Condition","insurance_v2X","Other stomach and intestinal disorders","<65, Any private",4530941.193796,895096.771714083
"Condition","insurance_v2X","Other urinary","<65, Any private",3497856.650749,561254.800653091
"Condition","insurance_v2X","Otitis media","<65, Any private",36092172.757749,3556926.26519408
"Condition","insurance_v2X","Paralysis","<65, Any private",682285.533511,282213.530801721
"Condition","insurance_v2X","Perinatal Conditions","<65, Any private",267849.123858,142618.763413925
"Condition","insurance_v2X","Pneumonia","<65, Any private",8600331.607577,900259.525775306
"Condition","insurance_v2X","Poisoning by medical and non-medical substances","<65, Any private",2800260.296431,590243.006704181
"Condition","insurance_v2X","Residual Codes","<65, Any private",22381399.955971,2095850.25873773
"Condition","insurance_v2X","Skin disorders","<65, Any private",45287773.819641,2931105.4288762
"Condition","insurance_v2X","Symptoms","<65, Any private",8465879.479464,862423.214374037
"Condition","insurance_v2X","Systemic lupus and connective tissues disorders","<65, Any private",37417759.688066,4982090.9944048
"Condition","insurance_v2X","Thyroid disease","<65, Any private",19291889.963447,1527172.82106048
"Condition","insurance_v2X","Tonsillitis","<65, Any private",2794447.161189,579572.317678305
"Condition","insurance_v2X","Trauma-related disorders","<65, Any private",114769517.276996,7052517.99878027
"Condition","insurance_v2X","Urinary tract infections","<65, Any private",9674968.163845,782206.725062393
"Condition","insurance_v2X","Acute Bronchitis and URI","<65, Public only",9958980.81203,1249592.65088789
"Condition","insurance_v2X","Allergic reactions","<65, Public only",1277998.577647,283471.536242692
"Condition","insurance_v2X","Anemia and other deficiencies","<65, Public only",897338.209413,315638.312469517
"Condition","insurance_v2X","Appendicitis","<65, Public only",10678.177571,7652.12557743971
"Condition","insurance_v2X","Back problems","<65, Public only",12407642.795439,2722437.1926062
"Condition","insurance_v2X","Cancer","<65, Public only",7212706.665263,2418470.36315242
"Condition","insurance_v2X","Cataract","<65, Public only",296839.351655,142367.88077856
"Condition","insurance_v2X","Cerebrovascular disease","<65, Public only",1645896.692792,527851.933951638
"Condition","insurance_v2X","CNS infection","<65, Public only",70586.544925,52492.9719860753
"Condition","insurance_v2X","Complications of pregnancy and birth","<65, Public only",667666.504871,230083.796362945
"Condition","insurance_v2X","Complications of surgery or device","<65, Public only",360446.097099,128810.417581282
"Condition","insurance_v2X","Congenital anomalies","<65, Public only",1960299.942023,970102.317674561
"Condition","insurance_v2X","COPD, asthma","<65, Public only",25033845.125437,2379922.90921271
"Condition","insurance_v2X","Diabetes mellitus","<65, Public only",11475290.763386,1876954.00304416
"Condition","insurance_v2X","Disorders of mouth and esophagus","<65, Public only",149167.264619,55397.6317138736
"Condition","insurance_v2X","Disorders of teeth and jaws","<65, Public only",1283325.850785,225493.088931481
"Condition","insurance_v2X","Disorders of the upper GI","<65, Public only",3934687.487052,489175.680891592
"Condition","insurance_v2X","Epilepsy and convulsions","<65, Public only",4515577.533976,913378.740205023
"Condition","insurance_v2X","Female genital disorders, and contraception","<65, Public only",2893516.778892,456549.326594492
"Condition","insurance_v2X","Gallbladder, pancreatic, and liver disease","<65, Public only",1133702.357112,325352.676909412
"Condition","insurance_v2X","Glaucoma","<65, Public only",671792.89266,291289.788567606
"Condition","insurance_v2X","Headache","<65, Public only",3244255.480482,493354.541395289
"Condition","insurance_v2X","Heart disease","<65, Public only",8304098.8769,1154198.96943834
"Condition","insurance_v2X","Hemorrhagic, coagulation, and disorders of White Blood cells","<65, Public only",453943.761012,156139.661420571
"Condition","insurance_v2X","Hereditary, degenerative and other nervous system disorders","<65, Public only",1352946.040583,507106.07176715
"Condition","insurance_v2X","Hernias","<65, Public only",1034625.076834,311878.172570901
"Condition","insurance_v2X","Hyperlipidemia","<65, Public only",2361385.121072,443709.653416796
"Condition","insurance_v2X","Hypertension","<65, Public only",13792880.197595,1728452.34210102
"Condition","insurance_v2X","Infectious diseases","<65, Public only",7289350.703176,1422808.25748996
"Condition","insurance_v2X","Influenza","<65, Public only",1303579.583501,302434.096899098
"Condition","insurance_v2X","Intestinal infection","<65, Public only",2571622.410902,376307.634867449
"Condition","insurance_v2X","Kidney Disease","<65, Public only",2343982.157588,973415.734730156
"Condition","insurance_v2X","Male genital disorders","<65, Public only",252202.052349,94628.5171719169
"Condition","insurance_v2X","Mental disorders","<65, Public only",42032280.241215,5617337.58738208
"Condition","insurance_v2X","Non-malignant breast disease","<65, Public only",376850.338686,148795.729237637
"Condition","insurance_v2X","Non-malignant neoplasm","<65, Public only",53272.296593,30437.4886820962
"Condition","insurance_v2X","Normal birth/live born","<65, Public only",10027145.063684,1596142.45857734
"Condition","insurance_v2X","Osteoarthritis and other non-traumatic joint disorders","<65, Public only",10493270.427864,1889253.60347291
"Condition","insurance_v2X","Other bone and musculoskeletal disease","<65, Public only",781856.252569,210154.213721457
"Condition","insurance_v2X","Other care and screening","<65, Public only",5014525.635278,845973.601538838
"Condition","insurance_v2X","Other circulatory conditions arteries, veins, and lymphatics","<65, Public only",1312259.79861,284527.149460573
"Condition","insurance_v2X","Other CNS disorders","<65, Public only",5676068.845029,849753.596423301
"Condition","insurance_v2X","Other endocrine, nutritional & immune disorder","<65, Public only",3386154.542781,1281830.39007673
"Condition","insurance_v2X","Other eye disorders","<65, Public only",2846013.61197,443860.313534227
"Condition","insurance_v2X","Other GI","<65, Public only",2854183.811339,521937.6175887
"Condition","insurance_v2X","Other stomach and intestinal disorders","<65, Public only",477340.571592,246102.304462599
"Condition","insurance_v2X","Other urinary","<65, Public only",867438.817779,233355.491874169
"Condition","insurance_v2X","Otitis media","<65, Public only",6185965.220102,663884.531123297
"Condition","insurance_v2X","Paralysis","<65, Public only",803754.260678,338981.021089655
"Condition","insurance_v2X","Perinatal Conditions","<65, Public only",26459.534492,25233.1498539196
"Condition","insurance_v2X","Pneumonia","<65, Public only",1365652.552653,269126.331900229
"Condition","insurance_v2X","Poisoning by medical and non-medical substances","<65, Public only",309145.589966,95601.9932956872
"Condition","insurance_v2X","Residual Codes","<65, Public only",5651790.031343,734938.645087567
"Condition","insurance_v2X","Skin disorders","<65, Public only",5449534.114625,693505.608673832
"Condition","insurance_v2X","Symptoms","<65, Public only",2040800.37223,350672.330632716
"Condition","insurance_v2X","Systemic lupus and connective tissues disorders","<65, Public only",5219170.829179,887675.29691068
"Condition","insurance_v2X","Thyroid disease","<65, Public only",2041230.470185,399690.192998338
"Condition","insurance_v2X","Tonsillitis","<65, Public only",707976.679331,236421.127831338
"Condition","insurance_v2X","Trauma-related disorders","<65, Public only",14693697.44581,2031025.07973658
"Condition","insurance_v2X","Urinary tract infections","<65, Public only",2181115.274643,462640.830450625
"Condition","insurance_v2X","Acute Bronchitis and URI","<65, Uninsured",3276820.048084,402271.33073181
"Condition","insurance_v2X","Allergic reactions","<65, Uninsured",802890.082155,220259.461015671
"Condition","insurance_v2X","Anemia and other deficiencies","<65, Uninsured",109153.328981,51957.0383300361
"Condition","insurance_v2X","Appendicitis","<65, Uninsured",66087.143567,39699.6819768813
"Condition","insurance_v2X","Back problems","<65, Uninsured",6189674.082008,1588897.24027856
"Condition","insurance_v2X","Cancer","<65, Uninsured",1739322.970271,562661.288412997
"Condition","insurance_v2X","Cataract","<65, Uninsured",48030.869022,36143.0536705738
"Condition","insurance_v2X","Cerebrovascular disease","<65, Uninsured",186840.774855,70747.744379167
"Condition","insurance_v2X","CNS infection","<65, Uninsured",18234.91944,18234.91944
"Condition","insurance_v2X","Complications of pregnancy and birth","<65, Uninsured",214842.927655,109478.968503051
"Condition","insurance_v2X","Complications of surgery or device","<65, Uninsured",232374.818573,99654.8666627534
"Condition","insurance_v2X","Congenital anomalies","<65, Uninsured",510087.341056,271958.323613935
"Condition","insurance_v2X","COPD, asthma","<65, Uninsured",7454688.687345,841913.843832976
"Condition","insurance_v2X","Diabetes mellitus","<65, Uninsured",3499155.299279,643685.027902919
"Condition","insurance_v2X","Disorders of mouth and esophagus","<65, Uninsured",85415.752017,31194.6789104646
"Condition","insurance_v2X","Disorders of teeth and jaws","<65, Uninsured",906840.275065,135981.718546599
"Condition","insurance_v2X","Disorders of the upper GI","<65, Uninsured",1291475.158025,300473.154223367
"Condition","insurance_v2X","Epilepsy and convulsions","<65, Uninsured",497264.433097,179328.358329434
"Condition","insurance_v2X","Female genital disorders, and contraception","<65, Uninsured",2339846.906529,403579.02218183
"Condition","insurance_v2X","Gallbladder, pancreatic, and liver disease","<65, Uninsured",1383054.666497,535287.188129832
"Condition","insurance_v2X","Glaucoma","<65, Uninsured",500329.143976,264475.420948241
"Condition","insurance_v2X","Headache","<65, Uninsured",1476871.770547,361451.942326556
"Condition","insurance_v2X","Heart disease","<65, Uninsured",3230406.821338,870881.637338177
"Condition","insurance_v2X","Hemorrhagic, coagulation, and disorders of White Blood cells","<65, Uninsured",56182.756614,33833.07161241
"Condition","insurance_v2X","Hereditary, degenerative and other nervous system disorders","<65, Uninsured",16020.671493,16020.671493
"Condition","insurance_v2X","Hernias","<65, Uninsured",462287.868322,169981.960943401
"Condition","insurance_v2X","Hyperlipidemia","<65, Uninsured",1263216.332028,555593.84091521
"Condition","insurance_v2X","Hypertension","<65, Uninsured",5085194.417853,839012.015833077
"Condition","insurance_v2X","Infectious diseases","<65, Uninsured",2624475.228649,492953.047711234
"Condition","insurance_v2X","Influenza","<65, Uninsured",910788.22529,253857.113623225
"Condition","insurance_v2X","Intestinal infection","<65, Uninsured",1498596.601831,270204.925132591
"Condition","insurance_v2X","Kidney Disease","<65, Uninsured",964088.495187,615461.157739926
"Condition","insurance_v2X","Male genital disorders","<65, Uninsured",331026.369687,203341.548930343
"Condition","insurance_v2X","Mental disorders","<65, Uninsured",6499649.379294,1508542.09815212
"Condition","insurance_v2X","Non-malignant breast disease","<65, Uninsured",112774.110438,56170.3867786164
"Condition","insurance_v2X","Non-malignant neoplasm","<65, Uninsured",314426.162838,102780.042287617
"Condition","insurance_v2X","Normal birth/live born","<65, Uninsured",1708286.469084,481909.962114779
"Condition","insurance_v2X","Osteoarthritis and other non-traumatic joint disorders","<65, Uninsured",2790207.213966,599092.202686784
"Condition","insurance_v2X","Other bone and musculoskeletal disease","<65, Uninsured",312561.986037,168461.272319916
"Condition","insurance_v2X","Other care and screening","<65, Uninsured",2361812.992728,518680.369491699
"Condition","insurance_v2X","Other circulatory conditions arteries, veins, and lymphatics","<65, Uninsured",535350.046417,160109.361986412
"Condition","insurance_v2X","Other CNS disorders","<65, Uninsured",2204185.56941,653679.869249483
"Condition","insurance_v2X","Other endocrine, nutritional & immune disorder","<65, Uninsured",980064.983692,240776.570684533
"Condition","insurance_v2X","Other eye disorders","<65, Uninsured",1260113.042029,310053.696760519
"Condition","insurance_v2X","Other GI","<65, Uninsured",646443.60845,240886.406352226
"Condition","insurance_v2X","Other stomach and intestinal disorders","<65, Uninsured",324648.752538,206333.856361121
"Condition","insurance_v2X","Other urinary","<65, Uninsured",230912.602265,85551.5373342906
"Condition","insurance_v2X","Otitis media","<65, Uninsured",1610925.649675,259115.785571958
"Condition","insurance_v2X","Paralysis","<65, Uninsured",106097.272504,101033.246540661
"Condition","insurance_v2X","Perinatal Conditions","<65, Uninsured",81132.152454,81132.1524539999
"Condition","insurance_v2X","Pneumonia","<65, Uninsured",358345.854417,93311.5478464211
"Condition","insurance_v2X","Poisoning by medical and non-medical substances","<65, Uninsured",168409.222656,95339.1618761044
"Condition","insurance_v2X","Residual Codes","<65, Uninsured",2798921.562309,1099367.70025705
"Condition","insurance_v2X","Skin disorders","<65, Uninsured",2008151.506839,307259.852611546
"Condition","insurance_v2X","Symptoms","<65, Uninsured",522828.351454,133132.401247277
"Condition","insurance_v2X","Systemic lupus and connective tissues disorders","<65, Uninsured",2292792.838716,638149.672604583
"Condition","insurance_v2X","Thyroid disease","<65, Uninsured",1650645.182926,364765.627947435
"Condition","insurance_v2X","Tonsillitis","<65, Uninsured",236419.167648,108278.009393853
"Condition","insurance_v2X","Trauma-related disorders","<65, Uninsured",15642931.50761,2895827.6645977
"Condition","insurance_v2X","Urinary tract infections","<65, Uninsured",1155715.564841,230060.208276675
"Condition","insurance_v2X","Acute Bronchitis and URI","65+, Medicare only",2527097.965147,519824.308168076
"Condition","insurance_v2X","Allergic reactions","65+, Medicare only",429250.993847,122006.817478345
"Condition","insurance_v2X","Anemia and other deficiencies","65+, Medicare only",1547184.942447,637498.83241758
"Condition","insurance_v2X","Back problems","65+, Medicare only",4363924.320396,1246271.61908473
"Condition","insurance_v2X","Cancer","65+, Medicare only",7070230.008866,1495473.97026892
"Condition","insurance_v2X","Cataract","65+, Medicare only",3699516.364647,982005.046473932
"Condition","insurance_v2X","Cerebrovascular disease","65+, Medicare only",1912242.568762,425668.161034103
"Condition","insurance_v2X","CNS infection","65+, Medicare only",49183.864306,39595.8664682343
"Condition","insurance_v2X","Complications of surgery or device","65+, Medicare only",90190.278462,43760.202760627
"Condition","insurance_v2X","Congenital anomalies","65+, Medicare only",286530.651819,164719.119231888
"Condition","insurance_v2X","COPD, asthma","65+, Medicare only",11911636.675556,1718584.31080371
"Condition","insurance_v2X","Diabetes mellitus","65+, Medicare only",13552211.337795,1594522.97022397
"Condition","insurance_v2X","Disorders of mouth and esophagus","65+, Medicare only",153299.807775,97358.1956516673
"Condition","insurance_v2X","Disorders of teeth and jaws","65+, Medicare only",311772.894793,88539.4928491583
"Condition","insurance_v2X","Disorders of the upper GI","65+, Medicare only",2749758.417425,452098.527067862
"Condition","insurance_v2X","Epilepsy and convulsions","65+, Medicare only",1075087.311287,373701.241946171
"Condition","insurance_v2X","Female genital disorders, and contraception","65+, Medicare only",1630690.914101,388512.787013625
"Condition","insurance_v2X","Gallbladder, pancreatic, and liver disease","65+, Medicare only",670349.595195,274481.732958009
"Condition","insurance_v2X","Glaucoma","65+, Medicare only",2753677.559283,627384.10440289
"Condition","insurance_v2X","Headache","65+, Medicare only",212521.35469,101663.973651001
"Condition","insurance_v2X","Heart disease","65+, Medicare only",22763046.331325,2905513.86665922
"Condition","insurance_v2X","Hemorrhagic, coagulation, and disorders of White Blood cells","65+, Medicare only",416761.038354,210612.627376461
"Condition","insurance_v2X","Hereditary, degenerative and other nervous system disorders","65+, Medicare only",1745833.368594,562148.38927404
"Condition","insurance_v2X","Hernias","65+, Medicare only",1381416.961056,388992.281128455
"Condition","insurance_v2X","Hyperlipidemia","65+, Medicare only",4717118.669126,663752.091806818
"Condition","insurance_v2X","Hypertension","65+, Medicare only",24578434.159865,2312153.43513857
"Condition","insurance_v2X","Infectious diseases","65+, Medicare only",1123700.436422,308062.251967735
"Condition","insurance_v2X","Influenza","65+, Medicare only",408666.788338,132846.019052302
"Condition","insurance_v2X","Intestinal infection","65+, Medicare only",416774.3666,125592.386203235
"Condition","insurance_v2X","Kidney Disease","65+, Medicare only",2411429.771295,1227817.83704866
"Condition","insurance_v2X","Male genital disorders","65+, Medicare only",1380291.577025,311368.627401404
"Condition","insurance_v2X","Mental disorders","65+, Medicare only",13440776.772526,5527015.41190674
"Condition","insurance_v2X","Non-malignant breast disease","65+, Medicare only",258110.441916,94764.6344002339
"Condition","insurance_v2X","Non-malignant neoplasm","65+, Medicare only",752996.335212,278517.411905328
"Condition","insurance_v2X","Osteoarthritis and other non-traumatic joint disorders","65+, Medicare only",13350289.736221,2041157.82460308
"Condition","insurance_v2X","Other bone and musculoskeletal disease","65+, Medicare only",2252632.703378,440141.575543601
"Condition","insurance_v2X","Other care and screening","65+, Medicare only",7928510.169095,1230560.42289223
"Condition","insurance_v2X","Other circulatory conditions arteries, veins, and lymphatics","65+, Medicare only",2630090.786871,523921.105142696
"Condition","insurance_v2X","Other CNS disorders","65+, Medicare only",3982865.084146,983882.248944995
"Condition","insurance_v2X","Other endocrine, nutritional & immune disorder","65+, Medicare only",4121496.566862,710460.200384449
"Condition","insurance_v2X","Other eye disorders","65+, Medicare only",2536171.013148,353729.460454768
"Condition","insurance_v2X","Other GI","65+, Medicare only",2492041.532622,506792.502732902
"Condition","insurance_v2X","Other stomach and intestinal disorders","65+, Medicare only",658278.085118,241602.385773261
"Condition","insurance_v2X","Other urinary","65+, Medicare only",1901537.511805,581037.742030599
"Condition","insurance_v2X","Otitis media","65+, Medicare only",260102.914843,97296.2710111609
"Condition","insurance_v2X","Paralysis","65+, Medicare only",232092.587925,134337.40859818
"Condition","insurance_v2X","Pneumonia","65+, Medicare only",1513283.646376,349470.360212496
"Condition","insurance_v2X","Poisoning by medical and non-medical substances","65+, Medicare only",231670.746991,78445.5284722655
"Condition","insurance_v2X","Residual Codes","65+, Medicare only",7098690.409353,980971.914474794
"Condition","insurance_v2X","Skin disorders","65+, Medicare only",5017183.876305,815654.995521507
"Condition","insurance_v2X","Symptoms","65+, Medicare only",670212.2952,160139.215067474
"Condition","insurance_v2X","Systemic lupus and connective tissues disorders","65+, Medicare only",4680164.259446,973922.978757209
"Condition","insurance_v2X","Thyroid disease","65+, Medicare only",4724765.475323,636354.009550085
"Condition","insurance_v2X","Trauma-related disorders","65+, Medicare only",7283567.991836,1208896.87450235
"Condition","insurance_v2X","Urinary tract infections","65+, Medicare only",1506629.411347,456084.510717851
"Condition","insurance_v2X","Acute Bronchitis and URI","65+, Medicare and private",5031845.731818,691741.725884262
"Condition","insurance_v2X","Allergic reactions","65+, Medicare and private",1271760.013758,383522.064917736
"Condition","insurance_v2X","Anemia and other deficiencies","65+, Medicare and private",1810738.629083,464326.60531867
"Condition","insurance_v2X","Back problems","65+, Medicare and private",11498978.700384,1671337.7961164
"Condition","insurance_v2X","Cancer","65+, Medicare and private",23985730.866525,3375497.79098977
"Condition","insurance_v2X","Cataract","65+, Medicare and private",6990632.593329,1000010.94541777
"Condition","insurance_v2X","Cerebrovascular disease","65+, Medicare and private",5214756.616444,1461602.02170209
"Condition","insurance_v2X","CNS infection","65+, Medicare and private",106459.718986,95263.8818526162
"Condition","insurance_v2X","Complications of surgery or device","65+, Medicare and private",438882.182235,167309.285923482
"Condition","insurance_v2X","Congenital anomalies","65+, Medicare and private",335033.062691,142873.913611094
"Condition","insurance_v2X","COPD, asthma","65+, Medicare and private",19429944.428758,1943604.59573223
"Condition","insurance_v2X","Diabetes mellitus","65+, Medicare and private",21860641.73871,2287569.16555161
"Condition","insurance_v2X","Disorders of mouth and esophagus","65+, Medicare and private",792466.154747,393717.995625242
"Condition","insurance_v2X","Disorders of teeth and jaws","65+, Medicare and private",1131178.148225,227517.058253172
"Condition","insurance_v2X","Disorders of the upper GI","65+, Medicare and private",4415006.310226,516798.122792368
"Condition","insurance_v2X","Epilepsy and convulsions","65+, Medicare and private",448235.828772,204260.807395182
"Condition","insurance_v2X","Female genital disorders, and contraception","65+, Medicare and private",2827347.208004,457370.818604042
"Condition","insurance_v2X","Gallbladder, pancreatic, and liver disease","65+, Medicare and private",2054869.538668,675550.809802582
"Condition","insurance_v2X","Glaucoma","65+, Medicare and private",6274353.552201,844089.451742599
"Condition","insurance_v2X","Headache","65+, Medicare and private",606890.587312,162850.907092696
"Condition","insurance_v2X","Heart disease","65+, Medicare and private",38971079.85348,3977370.33883746
"Condition","insurance_v2X","Hemorrhagic, coagulation, and disorders of White Blood cells","65+, Medicare and private",1229310.078786,464072.717104651
"Condition","insurance_v2X","Hereditary, degenerative and other nervous system disorders","65+, Medicare and private",1913984.188989,562506.793745344
"Condition","insurance_v2X","Hernias","65+, Medicare and private",2420185.635785,423602.230577163
"Condition","insurance_v2X","Hyperlipidemia","65+, Medicare and private",12116460.126158,1187788.45083435
"Condition","insurance_v2X","Hypertension","65+, Medicare and private",38175594.870231,2613222.8277216
"Condition","insurance_v2X","Infectious diseases","65+, Medicare and private",4947500.181025,861202.68130397
"Condition","insurance_v2X","Influenza","65+, Medicare and private",784307.132307,225423.160025645
"Condition","insurance_v2X","Intestinal infection","65+, Medicare and private",996756.002491,155290.636553926
"Condition","insurance_v2X","Kidney Disease","65+, Medicare and private",4871719.240108,1781742.2512921
"Condition","insurance_v2X","Male genital disorders","65+, Medicare and private",3035464.323853,581357.711153652
"Condition","insurance_v2X","Mental disorders","65+, Medicare and private",10607316.798154,1554844.924147
"Condition","insurance_v2X","Non-malignant breast disease","65+, Medicare and private",675951.201372,243613.204065189
"Condition","insurance_v2X","Non-malignant neoplasm","65+, Medicare and private",1194031.787458,254298.514239798
"Condition","insurance_v2X","Osteoarthritis and other non-traumatic joint disorders","65+, Medicare and private",21542976.871463,2056872.93253682
"Condition","insurance_v2X","Other bone and musculoskeletal disease","65+, Medicare and private",7885479.135984,1927281.56647574
"Condition","insurance_v2X","Other care and screening","65+, Medicare and private",15520375.659788,1515379.37928932
"Condition","insurance_v2X","Other circulatory conditions arteries, veins, and lymphatics","65+, Medicare and private",9329118.314299,1311111.7048634
"Condition","insurance_v2X","Other CNS disorders","65+, Medicare and private",7536703.355266,972070.662906727
"Condition","insurance_v2X","Other endocrine, nutritional & immune disorder","65+, Medicare and private",10613855.504962,1049964.53009327
"Condition","insurance_v2X","Other eye disorders","65+, Medicare and private",6030833.452069,759652.182616136
"Condition","insurance_v2X","Other GI","65+, Medicare and private",4774107.07922,657121.153804868
"Condition","insurance_v2X","Other stomach and intestinal disorders","65+, Medicare and private",1032092.866056,343502.99181206
"Condition","insurance_v2X","Other urinary","65+, Medicare and private",3109781.777533,577800.451437758
"Condition","insurance_v2X","Otitis media","65+, Medicare and private",811121.938253,281283.587979029
"Condition","insurance_v2X","Paralysis","65+, Medicare and private",89541.713025,89541.713025
"Condition","insurance_v2X","Pneumonia","65+, Medicare and private",2163336.16613,395652.454253543
"Condition","insurance_v2X","Poisoning by medical and non-medical substances","65+, Medicare and private",220806.415562,89855.7145392546
"Condition","insurance_v2X","Residual Codes","65+, Medicare and private",10170345.230701,997103.103543017
"Condition","insurance_v2X","Skin disorders","65+, Medicare and private",7570110.90076,841560.162026587
"Condition","insurance_v2X","Symptoms","65+, Medicare and private",2522431.452762,695253.129331857
"Condition","insurance_v2X","Systemic lupus and connective tissues disorders","65+, Medicare and private",7863577.425512,1027225.96542164
"Condition","insurance_v2X","Thyroid disease","65+, Medicare and private",8420699.051152,883435.331413117
"Condition","insurance_v2X","Tonsillitis","65+, Medicare and private",221963.056835,221963.056835
"Condition","insurance_v2X","Trauma-related disorders","65+, Medicare and private",14567992.700188,2299912.46743508
"Condition","insurance_v2X","Urinary tract infections","65+, Medicare and private",2738840.970762,479874.270338358
"Condition","insurance_v2X","Acute Bronchitis and URI","65+, Medicare and other public",813685.132289,211356.521495969
"Condition","insurance_v2X","Allergic reactions","65+, Medicare and other public",250644.778424,136131.051475274
"Condition","insurance_v2X","Anemia and other deficiencies","65+, Medicare and other public",177097.092206,71513.7506848602
"Condition","insurance_v2X","Back problems","65+, Medicare and other public",2290120.630983,875370.96122802
"Condition","insurance_v2X","Cancer","65+, Medicare and other public",2562714.666435,925828.538052442
"Condition","insurance_v2X","Cataract","65+, Medicare and other public",1656214.837997,546775.255989092
"Condition","insurance_v2X","Cerebrovascular disease","65+, Medicare and other public",1393374.813583,499260.49499806
"Condition","insurance_v2X","Complications of surgery or device","65+, Medicare and other public",95493.756168,72603.5881930561
"Condition","insurance_v2X","Congenital anomalies","65+, Medicare and other public",32464.330845,32464.330845
"Condition","insurance_v2X","COPD, asthma","65+, Medicare and other public",6425187.178844,1295241.36908765
"Condition","insurance_v2X","Diabetes mellitus","65+, Medicare and other public",12283238.126755,3969140.89340428
"Condition","insurance_v2X","Disorders of mouth and esophagus","65+, Medicare and other public",5243.119984,5243.119984
"Condition","insurance_v2X","Disorders of teeth and jaws","65+, Medicare and other public",95504.716446,41547.650592086
"Condition","insurance_v2X","Disorders of the upper GI","65+, Medicare and other public",1299170.465598,373857.448453306
"Condition","insurance_v2X","Epilepsy and convulsions","65+, Medicare and other public",169885.603308,111419.350479673
"Condition","insurance_v2X","Female genital disorders, and contraception","65+, Medicare and other public",314224.978584,118729.93511769
"Condition","insurance_v2X","Gallbladder, pancreatic, and liver disease","65+, Medicare and other public",449730.718542,248367.960457609
"Condition","insurance_v2X","Glaucoma","65+, Medicare and other public",978215.505617,373326.196742077
"Condition","insurance_v2X","Headache","65+, Medicare and other public",291998.219299,172566.71804927
"Condition","insurance_v2X","Heart disease","65+, Medicare and other public",13020607.035234,3040297.44589926
"Condition","insurance_v2X","Hemorrhagic, coagulation, and disorders of White Blood cells","65+, Medicare and other public",522095.661743,368241.271847499
"Condition","insurance_v2X","Hereditary, degenerative and other nervous system disorders","65+, Medicare and other public",59358.344121,45743.6455324301
"Condition","insurance_v2X","Hernias","65+, Medicare and other public",138431.393447,76691.463887418
"Condition","insurance_v2X","Hyperlipidemia","65+, Medicare and other public",1513612.799263,376666.694798922
"Condition","insurance_v2X","Hypertension","65+, Medicare and other public",11645179.67718,2638306.96267346
"Condition","insurance_v2X","Infectious diseases","65+, Medicare and other public",395158.068228,145928.816359303
"Condition","insurance_v2X","Influenza","65+, Medicare and other public",170686.409392,71881.9165763193
"Condition","insurance_v2X","Intestinal infection","65+, Medicare and other public",150927.686708,66043.4805235535
"Condition","insurance_v2X","Kidney Disease","65+, Medicare and other public",4152667.172412,2700926.75946785
"Condition","insurance_v2X","Male genital disorders","65+, Medicare and other public",339260.685143,126082.787110449
"Condition","insurance_v2X","Mental disorders","65+, Medicare and other public",5306143.105709,1654679.48608136
"Condition","insurance_v2X","Non-malignant breast disease","65+, Medicare and other public",100258.866341,68026.4980181603
"Condition","insurance_v2X","Non-malignant neoplasm","65+, Medicare and other public",27658.13579,16682.884385176
"Condition","insurance_v2X","Osteoarthritis and other non-traumatic joint disorders","65+, Medicare and other public",8289417.27355,1663533.75743658
"Condition","insurance_v2X","Other bone and musculoskeletal disease","65+, Medicare and other public",768912.409416,286622.656658927
"Condition","insurance_v2X","Other care and screening","65+, Medicare and other public",2600670.366712,574946.302845656
"Condition","insurance_v2X","Other circulatory conditions arteries, veins, and lymphatics","65+, Medicare and other public",1010761.183176,289418.680267434
"Condition","insurance_v2X","Other CNS disorders","65+, Medicare and other public",1188144.534913,277364.567761804
"Condition","insurance_v2X","Other endocrine, nutritional & immune disorder","65+, Medicare and other public",1347443.476454,272892.595986695
"Condition","insurance_v2X","Other eye disorders","65+, Medicare and other public",1638460.104487,483094.096456322
"Condition","insurance_v2X","Other GI","65+, Medicare and other public",1306124.542867,502274.26637963
"Condition","insurance_v2X","Other stomach and intestinal disorders","65+, Medicare and other public",295272.076831,126905.142564232
"Condition","insurance_v2X","Other urinary","65+, Medicare and other public",568521.154214,164906.869027405
"Condition","insurance_v2X","Otitis media","65+, Medicare and other public",132607.538104,63850.3751152463
"Condition","insurance_v2X","Pneumonia","65+, Medicare and other public",480438.422092,194619.244927998
"Condition","insurance_v2X","Poisoning by medical and non-medical substances","65+, Medicare and other public",53385.752696,28348.3176188931
"Condition","insurance_v2X","Residual Codes","65+, Medicare and other public",2264140.044043,578735.187593157
"Condition","insurance_v2X","Skin disorders","65+, Medicare and other public",1762493.744269,584241.530575689
"Condition","insurance_v2X","Symptoms","65+, Medicare and other public",193744.235569,62692.155260818
"Condition","insurance_v2X","Systemic lupus and connective tissues disorders","65+, Medicare and other public",1478546.335222,407138.21984212
"Condition","insurance_v2X","Thyroid disease","65+, Medicare and other public",1460295.955047,362824.611614575
"Condition","insurance_v2X","Trauma-related disorders","65+, Medicare and other public",3182225.198772,1153524.47670079
"Condition","insurance_v2X","Urinary tract infections","65+, Medicare and other public",698660.258113,208079.251303263
"Condition","insurance_v2X","Acute Bronchitis and URI","65+, No medicare",144806.632301,89389.7968350012
"Condition","insurance_v2X","Anemia and other deficiencies","65+, No medicare",11541.127175,11541.127175
"Condition","insurance_v2X","Back problems","65+, No medicare",75757.890603,53766.4057317743
"Condition","insurance_v2X","Cancer","65+, No medicare",387190.05922,317212.239203866
"Condition","insurance_v2X","Cataract","65+, No medicare",21015.693006,13699.4601992525
"Condition","insurance_v2X","COPD, asthma","65+, No medicare",443952.337447,262339.145125773
"Condition","insurance_v2X","Diabetes mellitus","65+, No medicare",135295.38506,105157.67125612
"Condition","insurance_v2X","Disorders of mouth and esophagus","65+, No medicare",72601.593051,72601.593051
"Condition","insurance_v2X","Disorders of teeth and jaws","65+, No medicare",41524.071352,34642.447700932
"Condition","insurance_v2X","Disorders of the upper GI","65+, No medicare",65953.890906,47620.5436098473
"Condition","insurance_v2X","Female genital disorders, and contraception","65+, No medicare",43611.20187,43611.20187
"Condition","insurance_v2X","Glaucoma","65+, No medicare",20936.716129,15628.4589119854
"Condition","insurance_v2X","Headache","65+, No medicare",14692.100806,10431.1253522308
"Condition","insurance_v2X","Heart disease","65+, No medicare",340599.765142,160183.960915253
"Condition","insurance_v2X","Hyperlipidemia","65+, No medicare",179479.668932,100397.224911614
"Condition","insurance_v2X","Hypertension","65+, No medicare",383186.220154,130452.45393167
"Condition","insurance_v2X","Influenza","65+, No medicare",10477.670122,10477.670122
"Condition","insurance_v2X","Intestinal infection","65+, No medicare",24200.531017,24200.531017
"Condition","insurance_v2X","Kidney Disease","65+, No medicare",9043.500208,9043.500208
"Condition","insurance_v2X","Male genital disorders","65+, No medicare",196804.907317,121259.418508482
"Condition","insurance_v2X","Mental disorders","65+, No medicare",50592.201352,30185.9708684169
"Condition","insurance_v2X","Non-malignant breast disease","65+, No medicare",6790.653958,6790.65395799999
"Condition","insurance_v2X","Non-malignant neoplasm","65+, No medicare",14652.623906,14652.623906
"Condition","insurance_v2X","Osteoarthritis and other non-traumatic joint disorders","65+, No medicare",506579.128605,291063.013831505
"Condition","insurance_v2X","Other bone and musculoskeletal disease","65+, No medicare",46164.5087,46164.5087
"Condition","insurance_v2X","Other care and screening","65+, No medicare",399449.486136,352337.761062333
"Condition","insurance_v2X","Other circulatory conditions arteries, veins, and lymphatics","65+, No medicare",97451.509174,68985.8421408577
"Condition","insurance_v2X","Other CNS disorders","65+, No medicare",74888.395835,54817.7388094415
"Condition","insurance_v2X","Other endocrine, nutritional & immune disorder","65+, No medicare",107830.462202,63653.1166062016
"Condition","insurance_v2X","Other eye disorders","65+, No medicare",145328.692263,122298.746395337
"Condition","insurance_v2X","Other GI","65+, No medicare",111168.808631,77768.1647443065
"Condition","insurance_v2X","Other stomach and intestinal disorders","65+, No medicare",15525.035528,15525.035528
"Condition","insurance_v2X","Other urinary","65+, No medicare",72601.593051,72601.593051
"Condition","insurance_v2X","Residual Codes","65+, No medicare",118813.505166,66832.5316448658
"Condition","insurance_v2X","Skin disorders","65+, No medicare",148284.586473,85892.718288636
"Condition","insurance_v2X","Symptoms","65+, No medicare",56008.476738,39612.503016954
"Condition","insurance_v2X","Systemic lupus and connective tissues disorders","65+, No medicare",135042.959202,97247.3132626406
"Condition","insurance_v2X","Thyroid disease","65+, No medicare",161584.901782,110103.392250552
"Condition","insurance_v2X","Trauma-related disorders","65+, No medicare",99877.804478,50541.1159303766
"Condition","insurance_v2X","Urinary tract infections","65+, No medicare",96802.124068,96802.1240680001
